1,-6.03049689326343e-16,-7.40729655677284e-14,-1.45664730277772e-14
6.03049689326343e-16,1,-1.16452042332818e-14,-2.7148422399037e-15
7.40729655677284e-14,1.16452042332818e-14,1,0.51262748
0,0,0,1
0.999174392274912,-0.0295154486515011,-0.027917236843228,-0.00664947051752616
0.0299862542854842,0.999412481393787,0.0165986923653725,-0.0100989908632992
0.0274109170949563,-0.0174221217196584,0.999472416477213,0.498195942987215
0,0,0,1
0.999174377818259,-0.0295200516690625,-0.0279128870049439,-0.00665168655234955
0.0299912090769274,0.999412074259352,0.0166142469803725,-0.0101088856782855
0.0274060228708747,-0.0174376711196385,0.999472279523712,0.498196173817986
0,0,0,1
0.999174340787017,-0.0295258363113496,-0.0279080938608374,-0.00665240860731184
0.0299953719376789,0.999412881237226,0.0165580940759094,-0.0100869572253748
0.0274028169199852,-0.0173815363884137,0.999473345226189,0.498200196478053
0,0,0,1
0.999175369875586,-0.0295008670708841,-0.027897653594042,-0.00665070069147256
0.0299651954354143,0.99941680381897,0.016374959749323,-0.0100116876968837
0.0273983082781503,-0.0171974151063626,0.999476653862988,0.498211129180139
0,0,0,1
0.999177413071277,-0.0294462358212205,-0.0278821879369423,-0.00664555589560134
0.0299009186166918,0.999424270590759,0.0160331662502633,-0.00987038471699615
0.0273940189469869,-0.0168536806096377,0.999482626750381,0.498232117285708
0,0,0,1
0.99918067733616,-0.0293567704489574,-0.0278595417560995,-0.00663614066087438
0.029796366673558,0.999435847420992,0.0154972069399003,-0.00964867391524661
0.0273888767770332,-0.0163146228485503,0.999491712076795,0.498268584072279
0,0,0,1
0.999185347678467,-0.0292274065480973,-0.0278280378599181,-0.00662144293129639
0.0296455648086326,0.999451869584053,0.0147343432876212,-0.00933191648090441
0.0273821378244644,-0.015547317820529,0.999504126773246,0.498324165444719
0,0,0,1
0.999191688251488,-0.0290487334249315,-0.0277874290921174,-0.00660014230843569
0.0294385331091512,0.99947238493845,0.0137231379001803,-0.00891056820651506
0.0273741282513908,-0.0145300664779356,0.9995196517681,0.498400091190335
0,0,0,1
0.999199836732391,-0.0288157359171448,-0.0277369723927638,-0.00657116275709148
0.0291698242511353,0.999496969893689,0.0124470288218643,-0.00837587602406336
0.0273643495651084,-0.0132461517765657,0.999537759084663,0.498498738023171
0,0,0,1
0.999210153343869,-0.0285143666952471,-0.0276767112658109,-0.00653051839919212
0.0288195244770544,0.999527465978786,0.0106901713243008,-0.00760441342511696
0.0273588096129664,-0.0114793573859962,0.999559763040993,0.498645710287022
0,0,0,1
0.999221700154887,-0.0281798907450915,-0.0276023132576444,-0.00647544825110425
0.0284182965517935,0.999561798244768,0.00828323069700224,-0.00650853766222922
0.0273567973394685,-0.00906119458350501,0.999584663944004,0.498869257921886
0,0,0,1
0.999234675373129,-0.0278027891963352,-0.0275148767916801,-0.00640774640083948
0.0279642436477557,0.999593790102231,0.00550053327107729,-0.00524699257088261
0.0273507698093882,-0.0062657562960445,0.999606260328972,0.499125901252538
0,0,0,1
0.99924995084153,-0.0273469104851822,-0.0274168238517174,-0.00632565138350704
0.0274228632336458,0.999621046112427,0.0023980703005366,-0.00384105915137373
0.0273408543258879,-0.00314811944071229,0.999621211774099,0.499401134479696
0,0,0,1
0.999267713945665,-0.0268012419320586,-0.0273080445419489,-0.00622746227955402
0.0267841595569504,0.999640748631642,-0.000991197255060167,-0.00230627542523026
0.0273247994070153,0.000259048392933289,0.999626574392306,0.499690166370386
0,0,0,1
0.999289348706931,-0.0261080209674266,-0.0271876590026245,-0.00610897912823497
0.0259917319970654,0.999651472872793,-0.00462197479956153,-0.000660605371786928
0.0272988539809147,0.0039120358407699,0.999619661944937,0.499990563713398
0,0,0,1
0.999314452813815,-0.0252770188506951,-0.0270498930764595,-0.00597702765759046
0.0250574857642484,0.999650515458967,-0.00842433082191694,0.00107022604288325
0.0272533815259827,0.0077407532349387,0.999598586400939,0.500281664314406
0,0,0,1
0.99933047013222,-0.0247521115456767,-0.0269433561262802,-0.00583874932859987
0.0244294818070623,0.999626640835177,-0.0122384374499956,0.00281758010409165
0.0272362237462465,0.0115720312222797,0.999562042201201,0.500531266971535
0,0,0,1
0.999348026125039,-0.0241715453075087,-0.0268190058994494,-0.00570707025593978
0.0237423405666562,0.999586708473444,-0.0162084393956562,0.00463298664053364
0.0271997048587766,0.0155611259448924,0.999508893114475,0.500720562787227
0,0,0,1
0.999366908332182,-0.0235514886605622,-0.0266666441917051,-0.00559091162471692
0.0230160793091144,0.999530799893194,-0.0202099024764766,0.00647166895783776
0.027130105488408,0.0195833461579871,0.999440068202914,0.500850045982897
0,0,0,1
0.99938669515365,-0.0229071595025844,-0.0264857620881175,-0.00549279678283059
0.022267334494266,0.999458994722551,-0.0242050342430706,0.00831277898053512
0.0270259017312221,0.0236004218545116,0.999356103060317,0.500928337747613
0,0,0,1
0.999406738233078,-0.0222588965849026,-0.0262814211401027,-0.00541235041434297
0.0215175704340285,0.999371781836103,-0.0281608918955082,0.0101415442510321
0.0268917410544101,0.0275786727845356,0.999257850142047,0.500966016074603
0,0,0,1
0.999426541854931,-0.0216116378076969,-0.0260676916347036,-0.0053455339242108
0.02077212918876,0.999270172531109,-0.0320568391862669,0.0119453524348951
0.0267414675150512,0.0314969744724416,0.999146052644069,0.500973122634675
0,0,0,1
0.999445598696521,-0.0209778556179861,-0.0258539130466511,-0.00529054857598926
0.020043872074316,0.99915543798608,-0.0358699586717482,0.0137151036999845
0.0265845526278198,0.0353318597941773,0.999021982363283,0.500960127111517
0,0,0,1
0.999463288801749,-0.0203754460943993,-0.0256510337812537,-0.0052462042330841
0.0193504787811162,0.999028569312657,-0.039591371131182,0.0154441560955018
0.0264328074281633,0.0390737622140439,0.998886654129439,0.500933589972575
0,0,0,1
0.999478385423378,-0.0198709012458843,-0.0254578937690072,-0.00521184874578799
0.0187585980060693,0.99888989994892,-0.0432097533073637,0.0171251795915128
0.0262882497006635,0.0427096600748923,0.998741614665156,0.500896980995287
0,0,0,1
0.999491692569321,-0.0194410157978098,-0.0252666457936707,-0.0051862784739883
0.0182456510390891,0.998741890474057,-0.0467090187272873,0.0187522107850058
0.0261429283568864,0.046224269783909,0.998588936539891,0.500854257036095
0,0,0,1
0.999503030365051,-0.0190912182141982,-0.0250842117312361,-0.00516924258098568
0.0178168011514841,0.998586154117902,-0.0500824759845843,0.020320235965466
0.0260048819995032,0.0496106661023198,0.998430031560087,0.500810445820131
0,0,0,1
0.999512110337159,-0.0188436612473193,-0.0249089887421021,-0.00516010860250134
0.0174942384917949,0.998423981284993,-0.0533245273267043,0.0218261585923834
0.0258745610387905,0.0528627470514019,0.998266516049311,0.500770263799671
0,0,0,1
0.999519318880502,-0.0186849555132015,-0.0247387069614847,-0.00515819543962528
0.0172646521317683,0.998257199951693,-0.0564313257984809,0.0232678876331108
0.0257500091538927,0.0559770951557416,0.998099945820307,0.500734245000972
0,0,0,1
0.999524481858484,-0.0186216799197606,-0.0245772903814746,-0.00516315751653185
0.0171342809318131,0.99808711532328,-0.0594014026989551,0.0246444549196324
0.0256364307671534,0.0589520420564012,0.997931575888298,0.500701668207052
0,0,0,1
0.999528005316332,-0.0186382048263727,-0.0244209727325824,-0.00517408125528126
0.0170875523993442,0.997915182967107,-0.0622358671243913,0.0259563258953798
0.025530024311681,0.0617891974747642,0.997762653607595,0.5006766911731
0,0,0,1
0.999530560707005,-0.0186981855415981,-0.0242700653108395,-0.00518798242339457
0.0170878526811914,0.997742720734547,-0.0649420396351195,0.0272082045663416
0.0254295793021895,0.064496829989353,0.997593852937075,0.500660633605994
0,0,0,1
0.999532805694568,-0.0187636109866874,-0.024126691507234,-0.00520228971693301
0.0170968522150724,0.997571042791968,-0.0675256412578325,0.0284028375945247
0.0253351136701801,0.0670816031836284,0.997425781965572,0.500653421886154
0,0,0,1
0.999535343086456,-0.0187972826669862,-0.0239950012581388,-0.00521512019444228
0.0170770728224532,0.997401815177167,-0.0699856604249003,0.0295391758019985
0.0252481980516886,0.0695433767200748,0.997259368093132,0.500655103680245
0,0,0,1
0.999538842854265,-0.0187612905543606,-0.0238770936734718,-0.00522507073156253
0.016990312048646,0.997236237671353,-0.0723271427029601,0.0306199140862559
0.0251680536006764,0.0718881092519451,0.997095115235319,0.500662385088681
0,0,0,1
0.999543577721961,-0.0186343824616838,-0.0237780576383694,-0.00523067004129643
0.0168147722444765,0.997075104650458,-0.0745553426700175,0.0316475441186376
0.0250978020780368,0.0741214913270709,0.996933350256828,0.500673954447474
0,0,0,1
0.999549467133787,-0.0184191551394321,-0.0236980479472935,-0.0052323203796853
0.016552792010115,0.996918671117655,-0.0766757344515057,0.0326244076281599
0.0250373287159905,0.076248920654377,0.996774414935401,0.500692270611135
0,0,0,1
0.999556258713743,-0.0181273964497226,-0.0236364795208406,-0.00522972581104257
0.0162159211591547,0.996766876845521,-0.0786945812911279,0.0335534185637358
0.0249865877451206,0.0782763739680144,0.996618522661141,0.500717050497279
0,0,0,1
0.999563833108363,-0.0177611451260049,-0.0235941786364938,-0.0052243420036022
0.0158058380356621,0.996619587435819,-0.0806199319228762,0.0344379523719078
0.0249463228895203,0.0802118424116524,0.996465624751411,0.500746379391979
0,0,0,1
0.999571941413457,-0.017334789856483,-0.0235677533839061,-0.00521478622640205
0.0153369601339917,0.99647663217704,-0.0824566503015517,0.035280895838814
0.0249140842252207,0.0820598963302758,0.996315944779307,0.50077805313431
0,0,0,1
0.999580475008063,-0.0168475876629183,-0.0235591335281124,-0.00520304024355623
0.014808135456574,0.996337809809013,-0.0842121598658963,0.0360851401582453
0.024891627246022,0.0838279639196838,0.996169302557615,0.500810241043867
0,0,0,1
0.999589286462802,-0.0163064013534534,-0.0235660701791044,-0.00518887163446537
0.0142261994539979,0.996202913391558,-0.0858916212401785,0.0368533488849778
0.0248771710184549,0.0855210887738884,0.996025737487264,0.500841650199429
0,0,0,1
0.999598099488725,-0.015725183403961,-0.0235872445495601,-0.00517092209617246
0.0136049881273523,0.996071594869327,-0.0875001839571184,0.037588095237733
0.0248705407376592,0.0871441134063956,0.995885214119594,0.500871506854364
0,0,0,1
0.999606860114156,-0.0151018274361287,-0.0236232940295667,-0.00515107954890771
0.0129421464858636,0.995943615336532,-0.0890438988069215,0.0382918344504528
0.0248721944559868,0.0887031559669001,0.995747520240174,0.500899462475183
0,0,0,1
0.99961114073135,-0.0147744969037607,-0.0236491345932601,-0.00514417723472763
0.0125764920581276,0.995813959760411,-0.0905339129486946,0.0389661658878119
0.0248877313807671,0.0902012848441236,0.99561253961528,0.500925667571804
0,0,0,1
0.999610613113818,-0.014813351852118,-0.0236471299975931,-0.00516023664920267
0.0125792756764314,0.995681623178693,-0.0919775357774904,0.039614135821859
0.0249075083794838,0.0916442571640392,0.995480259048454,0.500950404091288
0,0,0,1
0.999609629431791,-0.0148788482018244,-0.0236475923388558,-0.00517911450957849
0.0126095967990863,0.995551583695872,-0.0933704571543167,0.0402373457931562
0.0249316428620763,0.0930358214712413,0.995350565935123,0.500973588563488
0,0,0,1
0.999607766127947,-0.0149997678362382,-0.023649965360564,-0.00519928713086744
0.0126960799401225,0.99542341248452,-0.094715571221568,0.0408369135860977
0.0249624408031535,0.0943781587155252,0.99522341195664,0.500995357340928
0,0,0,1
0.99960602056404,-0.0150993740222541,-0.0236603583290654,-0.00522030062381731
0.0127616458664573,0.99529803544959,-0.0960154207664886,0.041414383907461
0.0249988809130095,0.0956756475511026,0.995098601355049,0.501015797664559
0,0,0,1
0.999603313639837,-0.015259127105212,-0.023672228459642,-0.0052425688531131
0.0128879331296561,0.995174282287504,-0.0972730643765166,0.0419707878145238
0.0250422950207047,0.0969293913812493,0.994976168833484,0.501035072499766
0,0,0,1
0.999600808098569,-0.0153885835535088,-0.0236942175415086,-0.00526527812910743
0.0129848926053917,0.995056819814468,-0.0984546489747658,0.0424871686236042
0.0250921703468253,0.0981076798060915,0.994859420295326,0.501050608965273
0,0,0,1
0.999597180341784,-0.0155725774834986,-0.0237270285386713,-0.00528655815980367
0.0131440752648346,0.99497315553495,-0.0992756417771067,0.0427994378270225
0.0251537340803876,0.0989237817480937,0.994777047919014,0.501048604792634
0,0,0,1
0.999593193948763,-0.0157705721504197,-0.0237641676765534,-0.00530896289559056
0.0133173622089185,0.994891352471341,-0.100069199265024,0.0431077473623992
0.0252209134471258,0.0997120144806787,0.994696647070401,0.501047852405569
0,0,0,1
0.999588826873821,-0.0159839275665926,-0.0238052777460028,-0.00533244851777246
0.0135060682282506,0.994811186588374,-0.100837935121886,0.0434100271266364
0.0252935428525198,0.100474957567434,0.994618026979096,0.501048209603609
0,0,0,1
0.999584093501399,-0.0162115337600778,-0.0238500774030823,-0.00535695724921239
0.0137090636343769,0.994732537646697,-0.101583660700092,0.0437049657509269
0.0253712749631501,0.101214449166652,0.994541066867847,0.501049529974956
0,0,0,1
0.999578968604939,-0.016453694470319,-0.0238989845174336,-0.00538263735064022
0.0139265667682764,0.994655305007685,-0.102307746325089,0.0439917926917909
0.0254545921345417,0.101931840748352,0.994465667371638,0.501051687970389
0,0,0,1
0.999573440628612,-0.0167114838628805,-0.0239512650392263,-0.00540927428308217
0.0141596793008941,0.994579367161896,-0.103011581377717,0.0442701702183119
0.0255429104053241,0.102628498590513,0.994391749264385,0.501054567768099
0,0,0,1
0.999567508133254,-0.0169842037778504,-0.0240069470426845,-0.00543713285293654
0.0144076768413303,0.994504679445655,-0.103696004786736,0.0445398979436978
0.0256362152494007,0.103305272773114,0.994319267179792,0.501058073742078
0,0,0,1
0.999561156393176,-0.0172724714774993,-0.0240656676407475,-0.00546608349124872
0.0146711815480509,0.994431161029967,-0.10436197777244,0.0448010124547855
0.0257342390973597,0.103963107406666,0.994248168837353,0.50106211845873
0,0,0,1
0.99955437764339,-0.0175759141813197,-0.0241274402833325,-0.0054962171639736
0.0149497942006004,0.994358749432107,-0.105010385587215,0.0450536641857791
0.0258369848723605,0.104602890344898,0.994178397242768,0.501066623609123
0,0,0,1
0.999547143290605,-0.0178951305310759,-0.0241924087859317,-0.0055274175915978
0.015244076089602,0.994287395409863,-0.105641816877817,0.0452978852448175
0.0259446812230232,0.105225185351928,0.994109920423234,0.501071532574459
0,0,0,1
0.999539450084341,-0.0182301234938959,-0.0242600561106431,-0.0055597657402904
0.0155540710536824,0.994217075824663,-0.10625665632003,0.0455338953526502
0.0260568340124284,0.105830377189412,0.994042741870386,0.501076780705577
0,0,0,1
0.999531283312202,-0.0185807496440792,-0.0243304217581065,-0.00559334537146465
0.0158796064387425,0.994147714694061,-0.106855788181668,0.0457619670963519
0.0261734938365886,0.106419345568552,0.993976796061733,0.501082314858431
0,0,0,1
0.999522632732955,-0.0189471251072623,-0.0244031371907951,-0.00562822367943357
0.0162208230437208,0.99407927522658,-0.107439654991916,0.0459822904298267
0.0262943255164933,0.106992527847356,0.993912072283291,0.501088087617641
0,0,0,1
0.999513443315604,-0.0193309419482642,-0.0244783846439569,-0.00566452383753107
0.0165793659813883,0.994011673771979,-0.108008874768159,0.0461951190211107
0.0264197133792145,0.107550486230521,0.993848525509063,0.501094052161986
0,0,0,1
0.999503702019662,-0.0197280269250518,-0.0245592060668882,-0.00570276742399965
0.0169506779933663,0.993944683364433,-0.108566297381563,0.0464023571622051
0.0265522911357317,0.108096120953627,0.993785794057362,0.501102378698711
0,0,0,1
0.999493247642559,-0.0201434917823856,-0.0246472646705958,-0.00574319706153367
0.0173396369459869,0.993878153598697,-0.109112569348476,0.0466040216244462
0.0266942860460961,0.108629901675632,0.993723784335683,0.501112648837136
0,0,0,1
0.999481919110466,-0.020576072673771,-0.0247491132080227,-0.00578550920609545
0.0177443311621673,0.993812406051083,-0.109645065053402,0.0467984781457208
0.0268520405717548,0.109149103579833,0.993662639483266,0.501122478713552
0,0,0,1
0.999469606339346,-0.0210263226643469,-0.0248676448239032,-0.00583010328218437
0.0181649766761405,0.993747446517058,-0.110163724352363,0.0469858566034923
0.0270284965587859,0.109653574023116,0.993602311831916,0.501131877148969
0,0,0,1
0.999456204429504,-0.0214931184294665,-0.0250068248193542,-0.00587748276333312
0.0186000098534432,0.99368335155953,-0.110668136637745,0.0471661992125229
0.0272274688654814,0.110142828607203,0.993542763169046,0.50114083852784
0,0,0,1
0.999442443842807,-0.0219722034772129,-0.0251400819384998,-0.00592724855826237
0.0190481549269624,0.993620307685615,-0.111156879897835,0.0473394117181584
0.0274220575339811,0.110616031519393,0.993484838501073,0.501150470473374
0,0,0,1
0.999428410741768,-0.0224614660224748,-0.0252652794622494,-0.00598001729277179
0.0195056187006484,0.993550522179014,-0.111700003209101,0.0475364030138385
0.0276112774295082,0.111143341779566,0.993420744164718,0.501161584435179
0,0,0,1
0.999413420019868,-0.0229575090632948,-0.0254119787068854,-0.00603705560800629
0.0199678754681817,0.993482764416419,-0.112219787723898,0.0477252255980157
0.02782264964876,0.111646538616826,0.993358419998242,0.50117144097549
0,0,0,1
0.999397688451674,-0.0234538936500468,-0.0255768487132962,-0.00609794355653517
0.0204289608688563,0.993417513918657,-0.112713355896686,0.0479045420348545
0.028052056524777,0.112122958899266,0.993298305753314,0.501180111809729
0,0,0,1
0.999381407266656,-0.0239423776377233,-0.0257597624750534,-0.00616238865144357
0.0208807309332232,0.993355152206506,-0.113179223625555,0.0480736805218075
0.0282983724869975,0.11257132911111,0.993240604273076,0.50118750819497
0,0,0,1
0.999364834877837,-0.0244163088039336,-0.0259570929417277,-0.00622960012399011
0.0213169880293329,0.993295891731537,-0.113617153153069,0.0482324422539666
0.0285571852771209,0.112991660460591,0.993185466987615,0.501193624366369
0,0,0,1
0.999348143804145,-0.0248725343480746,-0.0261657124939282,-0.00629879092003655
0.0217349400143082,0.993239776840062,-0.114027795231158,0.0483809801287038
0.0288249866918526,0.11338475531485,0.993132930379617,0.501198515126455
0,0,0,1
0.999331417813322,-0.0253110965650356,-0.0263830582361452,-0.00636926304325823
0.0221348977205663,0.99318672551238,-0.114412300776167,0.0485196142002539
0.029099204011733,0.113751820454319,0.99308295709332,0.50120227230877
0,0,0,1
0.999314769618152,-0.0257303260777938,-0.0266071708934023,-0.00644043689373487
0.0225153927977664,0.993136640319262,-0.114772255979096,0.0486488518329752
0.0293776838805001,0.114094539638403,0.993035441318445,0.501205020323608
0,0,0,1
0.999298996581652,-0.0260998607476488,-0.0268386419152728,-0.00651168687261674
0.0228461526562699,0.993090085321642,-0.115109233967825,0.0487693743012049
0.0296575241668841,0.114415382291047,0.992990207180053,0.501206883129418
0,0,0,1
0.999282687150448,-0.0264810039005229,-0.0270715273636492,-0.00658290043943395
0.0231887364574632,0.993045463832777,-0.115425254007308,0.0488814968238638
0.0299398340490831,0.114714703475909,0.992947200581958,0.501208052971804
0,0,0,1
0.999266575935284,-0.0268440923847455,-0.0273075982578405,-0.00665371969438968
0.0235134387766166,0.993003334548658,-0.115721630528367,0.0489858586681065
0.0302229782693676,0.114994661959957,0.99290623892956,0.501208646633614
0,0,0,1
0.999250718830962,-0.0271884341350035,-0.0275461424720999,-0.00672394150856567
0.0238196249161577,0.992963578184879,-0.115999818392683,0.0490829822911128
0.0305061696163286,0.115256763131577,0.992867187577357,0.501208797785928
0,0,0,1
0.999235108701499,-0.0275153855505874,-0.0277867071871726,-0.00679346428671285
0.0241086657504174,0.992926026864013,-0.116261246388385,0.0491734220144216
0.0307891177859612,0.115502418736789,0.992829905619242,0.501208621553269
0,0,0,1
0.99921971890574,-0.0278268687010967,-0.0280288909560576,-0.00686217579559917
0.0243824903618982,0.992890506677228,-0.11650723545767,0.0492576123668568
0.0310716512867691,0.115732912900907,0.992794261344104,0.501208233186701
0,0,0,1
0.999204514599549,-0.0281247858177725,-0.0282725030123559,-0.00693001718889427
0.0246429869438773,0.992856856796571,-0.116738961390437,0.0493359540849127
0.0313538067603145,0.115949378328383,0.992760132391958,0.501207725145056
0,0,0,1
0.999189505389969,-0.0284095496538503,-0.0285171844159668,-0.0069969246243279
0.0248905895718649,0.992824976811663,-0.116957359621725,0.0494088213263071
0.0316352788720728,0.116152756779106,0.992727427959609,0.501207174138887
0,0,0,1
0.999174698380307,-0.0286809974675584,-0.0287632143698817,-0.00706289718803896
0.025125083888461,0.992794774989762,-0.117163411151377,0.049476526942911
0.0319163324368522,0.11634403782444,0.992696032321317,0.501206654652655
0,0,0,1
0.999160030224747,-0.0289423434404014,-0.0290099079188588,-0.0071279213864113
0.0253497271313328,0.992766088205702,-0.117357937282127,0.0495394997187448
0.0321966665300894,0.116523966912075,0.992665875206468,0.501206194409178
0,0,0,1
0.999145503298033,-0.0291935745979045,-0.0292574510427321,-0.00719182787724398
0.0255644634220566,0.992738818784677,-0.117541889928428,0.0495979919242722
0.0324764753208166,0.116693499734136,0.992636844808078,0.501205843646648
0,0,0,1
0.999131081023657,-0.0294358861195096,-0.0295061271748405,-0.00725503860387111
0.0257704387075325,0.992712887075652,-0.117715794703794,0.0496522696681448
0.0327561814215257,0.116853123374105,0.992608875709056,0.501205647395589
0,0,0,1
0.999116761210243,-0.0296695720552841,-0.0297559063517041,-0.00731737195109038
0.0259679323948564,0.992688208968966,-0.117880389637647,0.0497025937750077
0.0330357980967806,0.117003573740478,0.992581885677985,0.501205621235887
0,0,0,1
0.999102521428188,-0.0298955732827979,-0.0300067721344559,-0.00737884835700413
0.0261578691009318,0.99266469972148,-0.118036264812822,0.049749198501331
0.0333154252552,0.117145416576821,0.992555808917115,0.501205780593412
0,0,0,1
0.999088331042538,-0.0301150212255687,-0.030258755282062,-0.00743948148126427
0.026341356368861,0.992642267659498,-0.118184014995503,0.0497923010238436
0.0335952335798523,0.117279213641601,0.992530577024367,0.501206135644211
0,0,0,1
0.999074160642238,-0.0303288325442778,-0.0305120214589123,-0.00749938814977841
0.0265192742928524,0.992620834381673,-0.118324161701708,0.0498321427360091
0.0338755018854102,0.117405455869532,0.992506125575091,0.501206690796064
0,0,0,1
0.999060065161159,-0.0305353931699143,-0.0307664746784401,-0.00755847328790802
0.0266900279952614,0.992600419049203,-0.11845695635529,0.0498688251995037
0.0341559453945065,0.117524456464626,0.992482429832842,0.501207446691645
0,0,0,1
0.999046001418003,-0.0307360171768991,-0.0310223193652812,-0.0076168073463905
0.0268548859496014,0.992580928612332,-0.118582946732293,0.0499025600614334
0.0344369300509502,0.117636717920814,0.992459420049749,0.501208402688635
0,0,0,1
0.999031687662794,-0.0309324055045977,-0.0312869515186345,-0.00767443930493173
0.0270146510652542,0.992562276114213,-0.118702723906386,0.0499335242212056
0.0347260086023835,0.117742576516196,0.992436793958122,0.501209651232577
0,0,0,1
0.999017068882202,-0.031125026437184,-0.0315615083812193,-0.00773137949297339
0.0271696439329981,0.992544412854943,-0.118816661116993,0.0499618613239946
0.035024370523498,0.117842357578762,0.992414465951455,0.501211204840558
0,0,0,1
0.99900213735338,-0.0313142946549819,-0.0318456357078834,-0.00778763254859686
0.0273203088890329,0.992527291215782,-0.118925089506254,0.0499877152735381
0.035331717840859,0.117936385997383,0.992392401508743,0.501213051279161
0,0,0,1
0.998986891633189,-0.0315003826993233,-0.0321390142172266,-0.00784321130756965
0.0274668468243614,0.99251087381457,-0.119028306235807,0.0500112143965558
0.0356477582827587,0.118024960282282,0.992370568930669,0.501215178164936
0,0,0,1
0.998971326342288,-0.0316835439478106,-0.0324413653972318,-0.00789813046925226
0.0276095347697903,0.992495122838383,-0.119126591203725,0.0500324833770035
0.0359722495227265,0.118108357811507,0.992348937158369,0.50121757507001
0,0,0,1
0.998955611120607,-0.0318638562759504,-0.0327472391795152,-0.00795226801842686
0.0277490912592234,0.992480000645083,-0.11922011681685,0.0500516369891485
0.0362997926294641,0.118186898524166,0.992327658625062,0.501220173960693
0,0,0,1
0.998939761859902,-0.0320410195019275,-0.03305639491173,-0.00800591979729564
0.0278852434537716,0.992465494816336,-0.119309072565708,0.0500687809859869
0.0366301156537491,0.118260790916696,0.992306716675318,0.501222969778233
0,0,0,1
0.998923588376562,-0.0322158149509621,-0.0333737299674118,-0.00805901290921768
0.0280181773544735,0.99245155793932,-0.119393831002901,0.0500840252453121
0.0369681798662799,0.118330243010235,0.992285899963571,0.501225991920929
0,0,0,1
0.998907086528173,-0.0323883955555309,-0.0336990254626978,-0.008111559307547
0.0281480663925587,0.99243816505307,-0.119474578486204,0.0500974531780177
0.037313788901118,0.118395440703747,0.992265186720973,0.501229228246759
0,0,0,1
0.998890254339133,-0.032558874758237,-0.0340320358012704,-0.00816356647116058
0.0282750471313337,0.992425289492997,-0.1195515223009,0.0501091567416533
0.0376667160238634,0.118456593101521,0.99224455355258,0.50123266745398
0,0,0,1
0.998873090359621,-0.0327273345208755,-0.0343725316288775,-0.00821504160538534
0.0283992231092507,0.992412906066923,-0.119624863630417,0.0501192253350681
0.0380267469317383,0.118513904023805,0.99222397727067,0.501236298256405
0,0,0,1
0.998855558780995,-0.032893567590842,-0.034721548114294,-0.00826625165328809
0.0285202659363469,0.992401019344342,-0.119694658340429,0.0501277214258262
0.0383948840762226,0.118567407053788,0.992203408007307,0.501240128427339
0,0,0,1
0.998837703489871,-0.0330575958420545,-0.0350775917677396,-0.00831692903778507
0.028638366983144,0.992389593990608,-0.119761169314992,0.0501347460915233
0.0387696533853423,0.118617406379919,0.99218285859013,0.501244128978865
0,0,0,1
0.998819510453517,-0.0332199529156008,-0.0354403762068251,-0.0083670754448042
0.0287540864208236,0.992378595098384,-0.119824565530866,0.0501403764068808
0.039150837174955,0.118664058243607,0.992162311937748,0.501248288991454
0,0,0,1
0.99880097693643,-0.0333805296231903,-0.0358098968569797,-0.00841673345492833
0.0288673145367364,0.992368014064228,-0.119884956577784,0.050144691609035
0.0395384195722254,0.118707476193774,0.992141748175852,0.501252596051449
0,0,0,1
0.998782091158665,-0.0335399982258221,-0.0361856725754337,-0.00846586394432577
0.0289787700389505,0.992357804189529,-0.119942566885853,0.0501477462584403
0.0399320080606307,0.118747871488922,0.992121150741731,0.501257044819774
0,0,0,1
0.998762851373727,-0.0336984070219367,-0.0365675276715153,-0.00851447122436968
0.0290885194539206,0.99234795012272,-0.119997516321023,0.050149595925725
0.0403314362724914,0.118785366318496,0.992100504987664,0.501261625310518
0,0,0,1
0.998743269656871,-0.0338551895599339,-0.0369554793631914,-0.00856259547048838
0.0291959969821701,0.992338459451378,-0.120049888187714,0.0501503152142827
0.0407366551808004,0.118820065786577,0.992079793610955,0.501266328108561
0,0,0,1
0.998723343196088,-0.0340104128301019,-0.0373493718067042,-0.00861024548105941
0.0293012849790005,0.99232931566996,-0.120099808328609,0.0501499642618281
0.0411475206277218,0.118852097504063,0.992059000495977,0.50127114482457
0,0,0,1
0.998703065359725,-0.0341642675771345,-0.0377490405441969,-0.00865743060232572
0.0294045906087844,0.992320501126969,-0.12014738072156,0.0501485960598723
0.0415638940935429,0.118881562338487,0.992038112596357,0.501276067553984
0,0,0,1
0.998682433879644,-0.0343168148344268,-0.0381543245235743,-0.00870415786702846
0.0295059911763967,0.992312000443046,-0.120192721332941,0.0501462662730608
0.0419856254559696,0.118908578312666,0.992017115406146,0.501281089636846
0,0,0,1
0.998661451322551,-0.0344679629895603,-0.0385650770735075,-0.00875043276147962
0.0296054110338844,0.992303804232608,-0.120235933659656,0.0501430283137474
0.0424125604019615,0.11893325705136,0.991995995499632,0.501286204317104
0,0,0,1
0.998640110138899,-0.034617849835805,-0.0389812120708633,-0.00879625903720264
0.0297029955082782,0.992295897428885,-0.120277113382547,0.050138929848984
0.042844631864484,0.118955690988487,0.991974738136939,0.5012914057556
0,0,0,1
0.998632286313807,-0.0347286903981486,-0.0390829220361959,-0.00883584386500882
0.0297997315765879,0.992289409626196,-0.120306706137516,0.0501336285034854
0.0429596639840343,0.118977500423083,0.991967147471858,0.501293375170093
0,0,0,1
0.998624442531925,-0.0348379810579929,-0.0391859394886198,-0.00887492766251632
0.0298948518819841,0.992283199702562,-0.120334323528241,0.0501275900748918
0.0430757543028219,0.118997338893977,0.991959733420362,0.501295591354984
0,0,0,1
0.998616602140236,-0.0349456018622522,-0.0392897803553908,-0.00891375036380486
0.0299882856124172,0.992277242742398,-0.120360193841536,0.0501209190060361
0.0431924143330514,0.119015454652028,0.991952487218039,0.501297905167239
0,0,0,1
0.99860831960654,-0.03506627815631,-0.0393926407957947,-0.0089523396394685
0.0300948489959712,0.99227100308567,-0.120385034365854,0.0501137080396866
0.0433096302975667,0.11903198129756,0.991945393331642,0.501300337049198
0,0,0,1
0.99859984590836,-0.0351925008640841,-0.0394947545217097,-0.00899061181720595
0.0302070716481752,0.992264755090331,-0.120408424240035,0.0501059615101207
0.0434267264969475,0.119046813012603,0.991938493928581,0.501302858236568
0,0,0,1
0.998591332935188,-0.0353195239258202,-0.0395964773228432,-0.00902852763509842
0.0303201976408695,0.992258647465631,-0.12043032070328,0.0500977149214902
0.0435434886262416,0.119060101458589,0.991931780335184,0.501305453103538
0,0,0,1
0.998582866573803,-0.035444668578193,-0.0396980359039144,-0.00906607102655748
0.0304315382634615,0.99225276124929,-0.120450733796347,0.0500890013423959
0.0436598220812442,0.11907196673668,0.991925242482161,0.501308111611632
0,0,0,1
0.998574492598727,-0.0355665695236505,-0.039799520895532,-0.00910323533877313
0.0305397248537405,0.992247134522713,-0.12046970257008,0.0500798532000115
0.0437756546159207,0.119082505699977,0.991918872135803,0.501310826417525
0,0,0,1
0.998566231911725,-0.035684652662004,-0.03990095299627,-0.00914001882629526
0.0306441830007035,0.992241780753144,-0.120487271427524,0.0500702998302769
0.0438909390858502,0.119091788517188,0.991912663178538,0.501313591173105
0,0,0,1
0.998558092444438,-0.0357987701329426,-0.0400023008174908,-0.00917642182776339
0.0307447675749874,0.992236699091314,-0.120503494734107,0.0500603699845907
0.0440056278274074,0.11909987839348,0.991906610365197,0.501316400590086
0,0,0,1
0.998550075376313,-0.0359089861055569,-0.0401035121009377,-0.00921244604753016
0.0308415467631221,0.99223188252248,-0.120518423069477,0.0500500905692941
0.044119677687142,0.119106826096434,0.991900709757795,0.50131924989027
0,0,0,1
0.998542447107731,-0.0360146059939912,-0.0401986253397018,-0.00924882617957961
0.030934550772212,0.992227354755636,-0.120531863186277,0.0500394420147008
0.0442270832480006,0.119112655203935,0.991895226562586,0.501321782857093
0,0,0,1
0.998534934177554,-0.0361167303612683,-0.0402935108303921,-0.00928491255646104
0.0310241604739142,0.992223070241656,-0.120544101253899,0.0500284913608492
0.0443338098285755,0.119117423864995,0.991889889371724,0.501324346878156
0,0,0,1
0.998528940191869,-0.0361717321156135,-0.0403925908436106,-0.00932052131725506
0.0310665468138988,0.992220538239789,-0.120554025914539,0.0500172850606436
0.0444390061585863,0.11912182541793,0.991884653294292,0.501326890382225
0,0,0,1
0.998523792994438,-0.036201409464529,-0.0404931201166523,-0.00935561379713621
0.0310836739245801,0.992219011427733,-0.120562177222889,0.0500058370935239
0.0445425643553501,0.119125527550372,0.991879563579417,0.501329411940257
0,0,0,1
0.998516829018142,-0.036274694416154,-0.0405991220664807,-0.00939092770084311
0.0311434794896855,0.992216146651481,-0.120570319769682,0.0499938988505826
0.0446567559595398,0.11912709544475,0.99187424065658,0.501328693092148
0,0,0,1
0.998510415325212,-0.0363321163990535,-0.0407053780849529,-0.00942594360240127
0.0311875554196407,0.992213946534617,-0.120577032179214,0.04998171865667
0.0447692626030425,0.119127921245046,0.991869069739456,0.501328335973089
0,0,0,1
0.998503389898643,-0.0364109439006844,-0.0408071504172885,-0.00946034599353622
0.031253453266043,0.992211102668589,-0.120583371159255,0.0499693651121254
0.0448798620749358,0.119127540499435,0.991864117243229,0.501328438207876
0,0,0,1
0.998497122158025,-0.0364674257651381,-0.0409099486702905,-0.00949438653852899
0.0312970942745824,0.992209146836721,-0.120588145451837,0.0499568249125495
0.0449887645097035,0.11912655367973,0.991859302157459,0.501328889003299
0,0,0,1
0.998490077622316,-0.0365493975284392,-0.0410086140961841,-0.00952800239092773
0.0313665633444557,0.992206387932953,-0.12059279600789,0.0499441462006192
0.0450966029068696,0.119124410954894,0.99185466229731,0.501329721869905
0,0,0,1
0.998483108548944,-0.0366304564459237,-0.0411058584997544,-0.00956125913775753
0.031435332092513,0.992203745643959,-0.120596629415301,0.04993136840799
0.0452028963526892,0.119121521106227,0.991850170827563,0.501330854009305
0,0,0,1
0.998476390285858,-0.0367052622318631,-0.041202205841595,-0.00959409728972112
0.031498039100971,0.992201410541591,-0.120599479485074,0.0499185151208393
0.0453075222729814,0.119117944255966,0.991845826619095,0.501332226069228
0,0,0,1
0.998469632905194,-0.0367821215770917,-0.041297308610322,-0.00962661750297281
0.0315629645178869,0.992199077749799,-0.120601697265382,0.0499055594538656
0.0454111378079292,0.119113666909958,0.991841601727944,0.501333867633559
0,0,0,1
0.99846299437427,-0.036856596087486,-0.0413913057297121,-0.0096587747032812
0.0316256900358847,0.992196910447004,-0.120603095437779,0.0498925343489721
0.0455133452398385,0.119108699196422,0.991837513497456,0.501335716526384
0,0,0,1
0.998456395710789,-0.0369309316803255,-0.0414841192439175,-0.00969059803033424
0.0316884544443801,0.992194830798694,-0.120603729591077,0.0498794239332785
0.0456143367719721,0.119102997533959,0.99183355874828,0.501337769767678
0,0,0,1
0.998448969754133,-0.0370310471137472,-0.0415735053437766,-0.00972225414437292
0.0317772524512568,0.992191928580797,-0.12060424157453,0.0498661451777144
0.0457149977967699,0.119096088973475,0.991829753822531,0.501340066926557
0,0,0,1
0.998442649972562,-0.0370990746416149,-0.0416645337967897,-0.00975343443298726
0.0318340368753665,0.992190226104678,-0.120603272420636,0.049852911063835
0.0458134130139389,0.119089100605741,0.991826051939013,0.501342457459167
0,0,0,1
0.998435579918966,-0.0371906533460077,-0.0417522221633129,-0.00978439622557705
0.0319146197386877,0.992187742473652,-0.12060240765413,0.0498396596097231
0.0459113253872345,0.119081228532187,0.991822469604542,0.501345031018493
0,0,0,1
0.998428254503465,-0.0372916291633774,-0.0418372442150131,-0.00981503997008279
0.0320048811169213,0.992184995035817,-0.120601091249072,0.049826393513929
0.0460076971153441,0.119072540999663,0.99181904689617,0.50134773699387
0,0,0,1
0.998422479520695,-0.0373472727036981,-0.041925333741585,-0.00984515160053459
0.032049808368586,0.992183912916458,-0.120598062726246,0.0498132410141132
0.046101650418229,0.119064117900324,0.991815695407838,0.501350472326914
0,0,0,1
0.998415873305166,-0.037428974770101,-0.0420097105434264,-0.00987502580805726
0.0321210804144891,0.992181988946725,-0.120594929423783,0.0497999677313421
0.0461950227328579,0.119054494486266,0.991812506080323,0.501353358982523
0,0,0,1
0.998410251288843,-0.0374827958800138,-0.0420952507341008,-0.00990445149575181
0.0321645619340125,0.992181101352868,-0.12059064256319,0.0497868387969243
0.046286186675321,0.119044958445233,0.991809400435301,0.501356280004701
0,0,0,1
0.998403846883516,-0.0375613389711911,-0.0421770594386242,-0.00993364473656617
0.0322330478263911,0.992179374039588,-0.120586567901375,0.0497737513247893
0.0463766013849607,0.119034598101152,0.991806420275085,0.501359325011281
0,0,0,1
0.998397487100528,-0.0376397420355401,-0.0422576332849885,-0.0099625703397839
0.0323015584991083,0.99217768048195,-0.120582169792997,0.0497607806335965
0.0464657623404508,0.119023947896869,0.991803525279662,0.501362454654082
0,0,0,1
0.998391239414013,-0.0377163796307383,-0.0423368370205098,-0.00999115201736205
0.0323685051935992,0.992176099392386,-0.120577226979402,0.0497478973295263
0.0465533342831974,0.119012866960091,0.991800748419287,0.501365647960904
0,0,0,1
0.998386176880659,-0.0377600334237821,-0.0424172334017318,-0.0100191721256593
0.0324026134410588,0.992175795519613,-0.120570566172731,0.0497350765749277
0.046638100902711,0.119001557388374,0.991798123048905,0.501368823405744
0,0,0,1
0.998381009368505,-0.0378083006194777,-0.0424957943400553,-0.0100468621613988
0.0324415426517324,0.992175373516095,-0.120563570362582,0.049722361493025
0.0467215843342335,0.118989749947064,0.991795610478709,0.501372053456243
0,0,0,1
0.998375831567801,-0.0378586213213128,-0.0425725701943469,-0.0100742355982915
0.0324827445170095,0.992174920362961,-0.120556205611303,0.0497097680579563
0.0468035281783953,0.118977528106788,0.991793213102234,0.501375334461533
0,0,0,1
0.99837071070159,-0.0379090734239524,-0.0426476982419865,-0.0101012775988426
0.032524294850945,0.992174504743316,-0.120548423389955,0.0496973074168245
0.0468838379151169,0.118964928821449,0.99179093132215,0.501378658724998
0,0,0,1
0.998365696744183,-0.0379582549753823,-0.0427212645379945,-0.0101279764742581
0.0325647919230636,0.992174177071943,-0.120540186985998,0.0496849898700554
0.0469624306388523,0.11895197867558,0.991788766259054,0.501382019433311
0,0,0,1
0.998360825990625,-0.0380051654419315,-0.0427933233933521,-0.010154323985977
0.0326032359147768,0.992173972763725,-0.120531476296167,0.0496728254647954
0.047039240376541,0.11893870341474,0.991786718349676,0.501385410786934
0,0,0,1
0.998356123687452,-0.0380491291639418,-0.0428639016613117,-0.0101803145830044
0.0326389526155621,0.992173915355506,-0.120522282007457,0.0496608245933775
0.0471142130139517,0.118925125427689,0.99178478788197,0.501388828110617
0,0,0,1
0.998351433564359,-0.0380947990275097,-0.0429325213217547,-0.0102059725611251
0.0326766113684844,0.992173821430409,-0.120512850508368,0.0496490141093247
0.0471874365637965,0.118911287753656,0.991782965913059,0.501392281965847
0,0,0,1
0.998346839318395,-0.0381397831707548,-0.0429993646773883,-0.0102312874966454
0.0327138208467741,0.992173788638792,-0.120503025122821,0.0496373863142435
0.0472588018106297,0.118897140747093,0.991781263975878,0.501395761362255
0,0,0,1
0.998342363734535,-0.0381830930253211,-0.0430647904901634,-0.0102562919701842
0.0327495549604548,0.99217384860855,-0.120492824629482,0.0496259633885366
0.0473285476518575,0.11888273863063,0.991779664559043,0.501399265479429
0,0,0,1
0.998338029197956,-0.0382246060007651,-0.0431284007728859,-0.0102809344011647
0.0327837414688791,0.992174009435391,-0.120482203234345,0.0496147384803864
0.0473962630641076,0.118868054989499,0.991778190802042,0.501402786845641
0,0,0,1
0.998333846296045,-0.038264058816381,-0.0431901972980223,-0.0103052135676098
0.0328161182084303,0.992174279219833,-0.120471166842261,0.049603721898394
0.047461918687258,0.11885310874143,0.991776842246794,0.501406323207416
0,0,0,1
0.998329816700621,-0.0383014630761819,-0.043250144655571,-0.0103291291741636
0.0328467006319643,0.992174656918892,-0.120459721174648,0.0495929218686463
0.0475254809980716,0.118837906806304,0.991775620068269,0.501409872492865
0,0,0,1
0.998325809245554,-0.0383370043026911,-0.0433111151473305,-0.0103519084741947
0.0328753162606164,0.992175110891604,-0.120448175195797,0.0495824919184862
0.0475898326848742,0.118822655366426,0.991774361635093,0.501413230590811
0,0,0,1
0.998321972289025,-0.0383703997904854,-0.0433699442571599,-0.0103743683175631
0.0329020752600343,0.992175673874618,-0.12043623049162,0.0495722829388469
