1,-6.03049689326342e-16,-7.40729655677285e-14,-1.45664730277772e-14
6.03049689326342e-16,1,-1.16452042332818e-14,-2.7148422399037e-15
7.40729655677285e-14,1.16452042332818e-14,1,0.51262748
0,0,0,1
0.997994347688243,-0.0249048657127219,-0.058198192808287,-0.00940678172313179
0.0263060282511353,0.999379209024286,0.0234347913932124,-0.0173603022493653
0.0575784235627352,-0.0249187526538589,0.998029949904414,0.499075797016145
0,0,0,1
0.997989777328875,-0.02489478231581,-0.0582808215497269,-0.00942232869410184
0.0262996061512046,0.999378724485864,0.0234626460847612,-0.0173750122974437
0.0576605156355213,-0.0249482435946035,0.998024473686989,0.499058789644238
0,0,0,1
0.997968760014152,-0.0248950221822586,-0.0586395080671743,-0.00945473928424488
0.026310727140866,0.999377663887278,0.0234953306111456,-0.017396065320284
0.0580180978069279,-0.0249904540525576,0.99800269415123,0.499000065584194
0,0,0,1
0.997923584457749,-0.0248874436526943,-0.0594065209504179,-0.00950577787351539
0.0263246356316339,0.999376396504093,0.0235336284783084,-0.0174255676239956
0.0587837829835762,-0.0250486179045332,0.997956428707793,0.498881332767318
0,0,0,1
0.997847150696475,-0.0248595333842477,-0.0606882809679387,-0.00956778985986291
0.0263314152139048,0.999375243123579,0.0235749868402972,-0.0174639698193564
0.0600643023746962,-0.0251222417710824,0.997878325523025,0.498689010795087
0,0,0,1
0.997730279326388,-0.0248035486833169,-0.0626025054450896,-0.00961360974519586
0.0263275236385252,0.99937387574719,0.0236372158492156,-0.0175157484111104
0.0619770216640897,-0.0252317349136724,0.997758592215018,0.498370076494013
0,0,0,1
0.997601246134,-0.0247090383308173,-0.0646623316673286,-0.00952058516680367
0.0262920855585773,0.999372222820502,0.0237462942748856,-0.0175835355002457
0.0640349900356817,-0.025389440316305,0.997624626987303,0.497883678273345
0,0,0,1
0.997510842503542,-0.0245446848143389,-0.0661035364805722,-0.00929009054236878
0.0261755130587952,0.999371172532562,0.0239186543727197,-0.0176659525930462
0.0654748929283769,-0.0255894110572624,0.99752605000459,0.497330734540771
0,0,0,1
0.997428658309502,-0.0241463663283951,-0.0674761037408175,-0.00903448435285937
0.0258248875708607,0.999375573154198,0.0241151190059291,-0.0177459001561122
0.0668516773526217,-0.0257956735878842,0.997429414274157,0.496839434545493
0,0,0,1
0.997379564517695,-0.0234337361102283,-0.0684460685095222,-0.00881362561356414
0.025150018925931,0.999387778066118,0.0243217104680958,-0.0178085649751406
0.0678342157802339,-0.025979396913415,0.997358305778568,0.496493000945992
0,0,0,1
0.997356698923265,-0.0225167670364007,-0.0690840814885536,-0.00862299941306366
0.0242615487964116,0.999404857214661,0.0245215950896825,-0.0178512327661311
0.0684908195518785,-0.0261328639450685,0.997309420921682,0.496252867929651
0,0,0,1
0.9973573562969,-0.0214808301748853,-0.0694037302704747,-0.00845304759407323
0.0232443989638936,0.999424556175557,0.0247033283202559,-0.0178729682204474
0.0688331443220954,-0.0262512942212142,0.997282742152117,0.496088701861163
0,0,0,1
0.997378190990106,-0.0202941085973822,-0.0694614518531032,-0.00827928418960728
0.0220677687375527,0.999447269739017,0.0248629964841491,-0.017873427235521
0.0689184860559865,-0.0263306697116229,0.997274755577563,0.495978593656998
0,0,0,1
0.997421433716783,-0.0196980135306096,-0.0690106645766111,-0.00819190861531178
0.0214649457663823,0.999458070023874,0.0249564093450921,-0.0178541597810846
0.0684816739398496,-0.0263733677618436,0.997303717935161,0.495923138548124
0,0,0,1
0.997507128252362,-0.0188449606596606,-0.0680029156982449,-0.0081242906629049
0.0205891911922545,0.99947439768485,0.0250402391872685,-0.017816858718175
0.0674952908859244,-0.0263779421153863,0.997370838694405,0.495891400558632
0,0,0,1
0.997552773753425,-0.0183676869116505,-0.067461779211376,-0.00809346915460841
0.0200973990706092,0.999484130646289,0.0250512901230526,-0.0177656489625183
0.0669668434932208,-0.0263457902471772,0.997407309582603,0.495874267661178
0,0,0,1
0.997634194890147,-0.0182511556028813,-0.0662790200972212,-0.00797050327944127
0.0199471325664315,0.999487988978258,0.0250174297355873,-0.0177013477246766
0.0657884875055328,-0.026280319772736,0.997487453406998,0.495863942653239
0,0,0,1
0.997739385782634,-0.0179016726863153,-0.0647738232091002,-0.00780944683691495
0.0195540715406703,0.999497020662309,0.0249668574984905,-0.0176241944041483
0.0642942948034589,-0.0261770090384599,0.997587594075591,0.495852456567104
0,0,0,1
0.997870172767184,-0.0172042453037295,-0.0629216357473352,-0.00761182960253191
0.0188007098395071,0.999513920174693,0.0248687894065628,-0.0175145938380221
0.0624632020562659,-0.0259987945979503,0.997708580231889,0.495848575725848
0,0,0,1
0.998028333554688,-0.0168502688832295,-0.0604608456822707,-0.00711241488912051
0.0183716265592349,0.999526192323331,0.0246956311357287,-0.017382528182374
0.0600160708445704,-0.0257577036668027,0.997865026916062,0.495855159182317
0,0,0,1
0.998182652329295,-0.0163747925958374,-0.0579936096160336,-0.00645448994108345
0.0178194314375393,0.999541459969578,0.0244813738406807,-0.0172371728513529
0.0575661398054136,-0.025470295823324,0.998016735119495,0.49587955473588
0,0,0,1
0.998340199505709,-0.0153572868230245,-0.0555067544749041,-0.00565113539645004
0.0167251678249089,0.999565680300745,0.0242635431488737,-0.017085566148819
0.0551100246065139,-0.0251516302919707,0.998163453889956,0.495915381306167
0,0,0,1
0.998374217749272,-0.0143844178969116,-0.0551544182753822,-0.00465485443409841
0.0157263331298765,0.99958888504343,0.0239738053700489,-0.0169331934900366
0.0547868942340863,-0.024802205938179,0.998189985323828,0.495985973226784
0,0,0,1
0.99840321952881,-0.0133249540688745,-0.0548949618231856,-0.00350230811537727
0.0146426778473671,0.999612525253989,0.0236725862719252,-0.0167834781599294
0.054558255287031,-0.024438595589884,0.998211476504668,0.496055274933291
0,0,0,1
0.998431406921773,-0.012071057228696,-0.0546718871961771,-0.00222031831280448
0.0133657094764658,0.999637371307549,0.0233769907285748,-0.0166409146469101
0.05436987660829,-0.0240710503035224,0.998230685290171,0.496120525032876
0,0,0,1
0.998459452382101,-0.0108879157961137,-0.0544074924845062,-0.000836588852764825
0.0121591091796761,0.999659488378474,0.0230881649085434,-0.0165112610428689
0.0541375841056061,-0.0237141431324035,0.998251852691847,0.496181983418775
0,0,0,1
0.998499697610014,-0.00943291776560208,-0.0539386126549202,0.000691311612685225
0.0106779628265507,0.999682079314782,0.0228412216562097,-0.016400181715768
0.0537060050886763,-0.0233829074176137,0.998282978247207,0.496227243176713
0,0,0,1
0.998542732374754,-0.00767351843456261,-0.0534184306807566,0.00233441561202685
0.00889444666997651,0.999703756793005,0.0226558485250149,-0.0163159656787249
0.0532287557622316,-0.0230979602733208,0.99831517257388,0.496260833711542
0,0,0,1
0.99858585410939,-0.00567117068662929,-0.0528595289012588,0.00410052543482417
0.00687119540356251,0.999722145620351,0.0225481314074734,-0.0162682115847039
0.0527169673477711,-0.0228794532121234,0.998347360378325,0.496280621662592
0,0,0,1
0.998605061752369,-0.00356904310182637,-0.0526800965629701,0.00600601558051466
0.00476095972680115,0.999735114058455,0.0225174372655328,-0.0162602635138535
0.052585776641848,-0.0227368346491928,0.998357537380827,0.496289507793478
0,0,0,1
0.99861567724939,-0.00128737150681945,-0.052583950273309,0.00801909212939125
0.00247823315881986,0.999741788207304,0.0225879452910729,-0.0162980616078313
0.0525412934000766,-0.022686991573706,0.998361013311909,0.496280336840943
0,0,0,1
0.998635042825988,0.00046051706267149,-0.0522287197236573,0.010191797568334
0.000728502674961731,0.999741049330708,0.0227443084525985,-0.0163899083718818
0.0522256692038497,-0.0227513122076367,0.998376110125358,0.496242355961364
0,0,0,1
0.998619447848386,0.00172352724976834,-0.0524997888834212,0.0124466557588555
-0.000516511259733386,0.99973542889235,0.0229957699055356,-0.0165396531826293
0.0525255327921865,-0.0229369063138226,0.998356132216179,0.496189155054248
0,0,0,1
0.998600921278676,0.00313161148229858,-0.0527862958626996,0.0148269689581633
-0.00189824039032521,0.999724396112084,0.0233993269507712,-0.016754986898045
0.0528450253552883,-0.0232663883714789,0.998331647533697,0.496107375395512
0,0,0,1
0.998578715845453,0.00481925562247199,-0.0530784611277606,0.0173353336197477
-0.00354978911113828,0.999706012520903,0.0239851522159504,-0.017044243336282
0.0531784473044519,-0.0237626451558142,0.998302253547234,0.495992399085393
0,0,0,1
0.998551216339792,0.00688927429517204,-0.0533667147762263,0.0199590233563499
-0.00557221777072266,0.999677176777853,0.0247889616276293,-0.0174174373927663
0.0535202647175521,-0.0244556768286285,0.99826724935531,0.495837179633787
0,0,0,1
0.998515724199015,0.00926463514135612,-0.0536704300617645,0.0227078776855287
-0.00788694763812553,0.9996353773291,0.0258245706462251,-0.0178810687150335
0.0538901158309265,-0.0253629439893312,0.998224712420968,0.495636175293808
0,0,0,1
0.998471035764893,0.0118614896909825,-0.0539897749661185,0.025591903357326
-0.0104110561103082,0.999579394494467,0.027067397598266,-0.0184296015967496
0.0542881262270988,-0.0264639219388456,0.99817456398486,0.495391609699898
0,0,0,1
0.998403719877544,0.0146267257481497,-0.0545533777925083,0.0285956314707088
-0.0130873672187894,0.999509004225708,0.0284687774766203,-0.019047765418018
0.0549429973150745,-0.0277093732448279,0.998104933201121,0.495112883321651
0,0,0,1
0.998331100111088,0.0168576221654346,-0.0552343654432044,0.0317437197880025
-0.0152193758516543,0.999435599474538,0.0299475057668784,-0.0197211711755583
0.0557080348753399,-0.0290568938102231,0.9980242040013,0.494802689889898
0,0,0,1
0.998345798397918,0.0190479080038226,-0.0542479863396044,0.0351854185127957
-0.0173885933012092,0.999371306423024,0.0308970665491729,-0.0200551707207314
0.0548024054602454,-0.0299026604003187,0.998049361132381,0.494671509833419
0,0,0,1
0.998348123272989,0.0232770853754564,-0.0525281072733877,0.038766382949823
-0.0216859069137806,0.999294554160171,0.0306613024373207,-0.0198129366461947
0.0532047572931938,-0.0294715341007168,0.998148627449401,0.494793863195008
0,0,0,1
0.998239694814475,0.0289103843477588,-0.0517851462638608,0.0421745623780763
-0.0274324926583544,0.999202156761071,0.0290259930161677,-0.0189039433693825
0.05258298244921,-0.0275543027654511,0.998236339929506,0.495277136603005
0,0,0,1
0.998085660745758,0.0330042908221001,-0.0523042120773668,0.0453394966704223
-0.0316458339004263,0.999145359827852,0.0265911852165084,-0.0176445737181844
0.0531371340067429,-0.0248850702591385,0.998277104950197,0.49584953128533
0,0,0,1
0.997919591463278,0.0359778010671376,-0.0534984747832884,0.0483435782152722
-0.0347255573818938,0.999104922392798,0.0241555317680873,-0.0164889143522417
0.0543196524131135,-0.0222475140376571,0.998275725178602,0.496328414834851
0,0,0,1
0.997746203863207,0.0382326819871739,-0.0551432199334474,0.0511328410588299
-0.0371067231679759,0.999084270289146,0.0213005154055075,-0.0155082591408652
0.0559070994802639,-0.0192063241895135,0.998251227566904,0.496696898153269
0,0,0,1
0.997572263268276,0.0397269723834808,-0.0571956923469997,0.0537306623789837
-0.038789356306795,0.999095704274965,0.0174114771520727,-0.0147305108198947
0.0578356757988958,-0.0151506225797755,0.998211146621961,0.496861604577594
0,0,0,1
0.997369390404133,0.04052331410923,-0.0601012487265721,0.0560705009354137
-0.0396696646619791,0.99909524788196,0.0153298194800711,-0.0136913740207837
0.0606680870845185,-0.0129052963270946,0.998074564617401,0.496722675330472
0,0,0,1
0.997172640691163,0.0406815167862873,-0.0631802093141489,0.0581452012173776
-0.039909855567373,0.999113045505969,0.0134285415581776,-0.0127034776757101
0.0636704647823783,-0.0108690612177549,0.997911787395379,0.496383398041032
0,0,0,1
0.997073103557152,0.0403488649579125,-0.0649399357831402,0.0600252904123181
-0.0396194052152386,0.999136875774967,0.0124822352577503,-0.0121693097178269
0.0653875285761815,-0.00987281941733173,0.997811103638084,0.495923928667858
0,0,0,1
0.996976736661251,0.0406285015967835,-0.0662322535799787,0.0615790010572074
-0.0398923950889228,0.999127043955373,0.0123994697897935,-0.0120273235494344
0.0666782076120207,-0.00971981969991581,0.9977271880302,0.495435080499491
0,0,0,1
0.99711966366891,0.0412213855322322,-0.0636645403627776,0.0632536859082306
-0.040477016183137,0.999096695685847,0.0129384632214589,-0.0122413025867662
0.0641403732894557,-0.0103242454652175,0.99788747986427,0.495076569671411
0,0,0,1
0.997366163007749,0.0406073016106433,-0.0600981192975523,0.0647001651207968
-0.0398522408320838,0.999111522432085,0.013710019843269,-0.0126327706015457
0.0606014503775461,-0.0112788651620399,0.998098317508248,0.494895257142635
0,0,0,1
0.997690731989556,0.0389688171307239,-0.0556294399897786,0.0659307846814516
-0.0382236463505969,0.999165485636833,0.0143974015633268,-0.013024725663723
0.0561440661317711,-0.0122377940636121,0.998347675028418,0.494847990754822
0,0,0,1
0.998074286737785,0.0363675623277302,-0.0502505578396852,0.0669479396765953
-0.0356558905017239,0.99925173854689,0.0149873441124946,-0.0134073729381844
0.0507580104553948,-0.0131667543971894,0.998624184041852,0.494941635863
0,0,0,1
0.998350761319337,0.0348075679882022,-0.0456529362018208,0.068359107339984
-0.0341255318030036,0.999295248070902,0.0156350651446369,-0.0137701632132107
0.0461649807999855,-0.01405134846417,0.998834998462747,0.495167244024766
0,0,0,1
0.998357731722386,0.0350399362295825,-0.0453215443156969,0.0701834074389869
-0.0343242043062421,0.999274940472804,0.0164755073311255,-0.0141119692008862
0.0458659842244362,-0.0148928241815115,0.998836580867472,0.4954884952242
0,0,0,1
0.998349130380254,0.0358400016512731,-0.0448832725035382,0.0723054647655577
-0.0350951137115468,0.999234646713787,0.0172758154756066,-0.0144308753209855
0.0454680861986045,-0.0156721118044236,0.998842849525903,0.495844554501371
0,0,0,1
0.998336480116208,0.0365190245620893,-0.0446165139182067,0.074454556274054
-0.0357462123109423,0.999198815056768,0.0179982303177684,-0.0147174890787331
0.0452380456540846,-0.0163734185246674,0.998842044765445,0.496181382083895
0,0,0,1
0.998360004045197,0.0361338310432808,-0.0444032496221972,0.0766361191404827
-0.0353375334214085,0.999202526192639,0.018589523445752,-0.0149669392663781
0.0450395498930257,-0.0169899353849557,0.998840718553789,0.496493150164686
0,0,0,1
0.99844032637959,0.0341109706338715,-0.044196791076195,0.0789041735185902
-0.0332978700041204,0.999264762875001,0.0190048817296368,-0.0151701288201647
0.0448125709171698,-0.0175035813130897,0.99884205865042,0.496775749750584
0,0,0,1
0.998521560064976,0.0318640149746812,-0.0440383768445285,0.0811981320350496
-0.031038899553164,0.999331923223494,0.0192949200817467,-0.0153228380148172
0.0446237694501037,-0.0178994909459931,0.998843494960015,0.497032352617602
0,0,0,1
0.998595792326739,0.0294585590742798,-0.0440299539472774,0.0835189621193343
-0.0286240526753404,0.999400707713561,0.019465072054115,-0.0154249345451834
0.0445769801104958,-0.0181774233294964,0.998840564917809,0.497269323644208
0,0,0,1
0.998664590375361,0.0268586218373692,-0.0441321919171255,0.0858706197650881
-0.0260180896266174,0.999471047011252,0.019511155742647,-0.0154761978179319
0.0446328908160127,-0.0183368650327616,0.998835153785737,0.497489410965791
0,0,0,1
0.998732555575498,0.024041384447662,-0.0442187094731849,0.0882502342112911
-0.0232007203958684,0.999542044192734,0.0194275182183266,-0.0154755280628806
0.0446655236927426,-0.0183769890039254,0.998832957640267,0.497695898500503
0,0,0,1
0.99880744615303,0.0209282329578444,-0.0441100280494676,0.090685399179899
-0.0200970453612132,0.999613592239244,0.0192035147383197,-0.0154226462914702
0.044494879222355,-0.0182941322783486,0.998842094851419,0.497876298895904
0,0,0,1
0.99888109147144,0.0175052621551459,-0.0439332550319822,0.0931553998719332
-0.0166908481853652,0.999683252479795,0.0188364088475479,-0.0153132222070542
0.0442490755573341,-0.0180820493390132,0.998856876035813,0.498040360002281
0,0,0,1
0.998957332265698,0.0138087743680655,-0.0435151245321781,0.0956964422696993
-0.0130217069648896,0.999747391551217,0.0183190675051747,-0.0151438381845019
0.0437570961138837,-0.0177333256043659,0.998884801016959,0.498178289108168
0,0,0,1
0.998992269370137,0.0126055594102549,-0.043076044510368,0.0982137356979094
-0.0118494240345761,0.999771989998764,0.0177639850247574,-0.0149086863590215
0.0432901477099984,-0.0172356573958039,0.998913857760208,0.49830012933991
0,0,0,1
0.999021924182483,0.011429278329994,-0.0427149458572181,0.100719336189651
-0.0107080293033115,0.999796853508805,0.0170760013566654,-0.0146123469337267
0.0429014348381143,-0.01660190684075,0.998941361431232,0.49840866733737
0,0,0,1
0.999068655031094,0.0102717271613013,-0.0419084019676864,0.103318091152781
-0.00959854936571277,0.999822166219063,0.0162327997306083,-0.0142468398411275
0.0420676881280083,-0.015815421529123,0.998989580554983,0.498487926304094
0,0,0,1
0.99913481490978,0.00886670771184997,-0.0406325378182592,0.105976263116875
-0.00825446712552054,0.999850236112888,0.0152108223799789,-0.0138064949432063
0.0407613224475524,-0.0148622622555985,0.99905837054347,0.498541442744883
0,0,0,1
0.999190321551057,0.0073782859041318,-0.0395507549335361,0.108701490022589
-0.00683073540087232,0.999879200767267,0.0139615517366439,-0.0132704341566792
0.0396489895530644,-0.0136800866272332,0.999120019245582,0.498572570021543
0,0,0,1
0.999203127456992,0.00587024958075908,-0.0394797448069933,0.111597629616012
-0.00538600761619474,0.999909096931262,0.0123607765155196,-0.0125987291015505
0.0395487168201954,-0.0121382883458883,0.999143914035365,0.49854435289722
0,0,0,1
0.999214527264258,0.00408950893743022,-0.0394157889774584,0.114624992683879
-0.00368367283889061,0.999939513267029,0.0103634145778608,-0.0117751846825454
0.0394557861216942,-0.0102100795269809,0.999169152454964,0.49845040229992
0,0,0,1
0.999224091184182,0.00188286301893978,-0.0393404426004323,0.117756461248822
-0.00156903190345898,0.99996671514775,0.00800666819000496,-0.0108071353949472
0.0393542086190527,-0.00793872933603473,0.999193786430088,0.498323460063197
0,0,0,1
0.999230880571381,-0.00189806226308417,-0.0391668823394065,0.120981779508745
0.00210952854037278,0.999983418110045,0.00535848805998516,-0.00973493105499024
0.0391560621344998,-0.0054369903988426,0.999218315451394,0.498182271022619
0,0,0,1
0.999209182035833,-0.00743948124252193,-0.0390597574765045,0.124376713949709
0.00754344697869807,0.999968385081844,0.00251500387434189,-0.00859666339442656
0.0390398122813206,-0.00280766017362291,0.999233711451625,0.498014134695567
0,0,0,1
0.999147520051759,-0.0133073000817145,-0.0390787530373658,0.127868536127504
0.0133027808478062,0.999911443521672,-0.000375680876806879,-0.00742613803399017
0.039080291658782,-0.000144495471069125,0.999236063162716,0.497816445517163
0,0,0,1
0.999038763768037,-0.0195511361565393,-0.0392339338305597,0.131429771993929
0.0194393926430875,0.999805827321113,-0.00322764130794762,-0.00625595124083469
0.0392894197272007,0.00246185493751343,0.99922483994733,0.497594479345046
0,0,0,1
0.99887722646389,-0.0263031826079663,-0.0394008760879624,0.13514208931709
0.0261166599478269,0.999645161394254,-0.0052413141696656,-0.00537028200681142
0.0395247583797366,0.00420641007838568,0.999209737537258,0.497334932875368
0,0,0,1
0.998575368808815,-0.0357975917988251,-0.0395697514491098,0.139049831202752
0.035585563008235,0.999348320330662,-0.00604998823732449,-0.00503086167630248
0.0397605396558771,0.00463325735196282,0.99919849500116,0.497062135654042
0,0,0,1
0.998143689024155,-0.0457767669815594,-0.0401704327331242,0.142973423039979
0.0456151283119045,0.998946914809235,-0.00493167945019684,-0.00562268604083734
0.0403538861863258,0.00309014527603788,0.999180671786556,0.496920838507771
0,0,0,1
0.997579961319153,-0.0557795126252963,-0.0415074300067099,0.146821483442818
0.0556689935298549,0.998441992202004,-0.0038146254162993,-0.00667330431305602
0.0416555390536539,0.00149471702275444,0.999130913287729,0.496908807252127
0,0,0,1
0.997194299371099,-0.0586488207762759,-0.0465171487016874,0.150229586334589
0.0586045113037079,0.99827858989201,-0.0023169415342796,-0.0075858959879898
0.0465729595005105,-0.000415673876944532,0.998914804504664,0.496872650255154
0,0,0,1
0.996752929978036,-0.0603061839242032,-0.0533550443791421,0.15318088462312
0.060329399513945,0.99817782915484,-0.00117683389572922,-0.00837096219924017
0.0533287927341963,-0.00204586515476797,0.998574911712327,0.496714208916503
0,0,0,1
0.996279396452109,-0.0606769678344251,-0.0612018772542282,0.155776302974399
0.060777780946902,0.99815129876388,-0.000214753698698154,-0.00908068610129996
0.0611017638713637,-0.00350575960397176,0.998125384959929,0.496401224760945
0,0,0,1
0.996153396039581,-0.058692959318337,-0.0650657212767689,0.158342659305472
0.0588886915358012,0.99826395696882,0.00109280654986097,-0.00976589914738754
0.0648886243344039,-0.00492023814568041,0.997880382455021,0.495882840236968
0,0,0,1
0.996277806510112,-0.0557493631280965,-0.0657460323229592,0.160726268508664
0.0560529524501853,0.998423925339233,0.00278061716442136,-0.0104904360218974
0.0654873940313495,-0.00645552639290125,0.997832514704734,0.495314864365417
0,0,0,1
0.996353923537501,-0.053985261422218,-0.0660639886821982,0.162786516779299
0.0546121022829099,0.998477815146091,0.00771822164287905,-0.0105423244814915
0.065546756866132,-0.0112979737237438,0.99778553730452,0.494765452782256
0,0,0,1
0.99630088190277,-0.055273371240528,-0.0657982306104749,0.164385400797804
0.0563279524971729,0.998310189549352,0.0142803084494785,-0.0105735204779714
0.0648977232823979,-0.0179337635102839,0.997730758090137,0.494121588600495
0,0,0,1
0.996344079835503,-0.0563028837630801,-0.0642530921956709,0.165636021983596
0.0573938065516621,0.998234991540026,0.0152595096446013,-0.0110625922878697
0.0632805305465645,-0.0188914516394157,0.997816960924548,0.493414956304333
0,0,0,1
0.996534855639345,-0.0557590038494081,-0.0617188381743508,0.166579571529375
0.0568264400177917,0.998261001201202,0.0156757518377624,-0.0112237542029403
0.0607374448818382,-0.0191286949501653,0.997970468410128,0.492692007867768
0,0,0,1
0.996890508222711,-0.0531814690472672,-0.0581467622954197,0.167214165567603
0.0541770457471659,0.998408218856935,0.0156804410981259,-0.0111207879233878
0.0572202964827601,-0.0187819026963955,0.998184891591497,0.492055124206351
0,0,0,1
0.997355682789064,-0.0490899435646609,-0.0535893594772296,0.16752372700595
0.0499751389119088,0.99863319966099,0.015304183270914,-0.010792682540066
0.0527648320294564,-0.0179418498397662,0.998445773452535,0.491576245913502
0,0,0,1
0.997976943332628,-0.0444615488653096,-0.0454443753281105,0.167944468619818
0.0451683968402278,0.998872004992042,0.0146469645340357,-0.0102445274547719
0.0447418875702421,-0.0166699824737548,0.998859487205771,0.491572762188335
0,0,0,1
0.998539487031264,-0.0399555415158778,-0.0363654718313065,0.168365545193475
0.0404861342972094,0.999082396614482,0.0139727486462653,-0.00970422078762557
0.0357738140126113,-0.0154246386420022,0.99924086923712,0.491708159225236
0,0,0,1
0.998725675064746,-0.0369416338154718,-0.0343851953246078,0.169106580188096
0.037406626929453,0.999215834500423,0.0129792274571722,-0.00921399730338499
0.0338787577728074,-0.0142489218773871,0.999324370761118,0.491934499957886
0,0,0,1
0.998727702907918,-0.037749361047929,-0.0334359265573346,0.170712737596963
0.0381670768647868,0.999199988555571,0.0119439153607098,-0.0087799743308965
0.0329583022601563,-0.0132048707308875,0.999369492080436,0.492307306399241
0,0,0,1
0.998620518118641,-0.0405803173088474,-0.0333211440315237,0.172798624018728
0.0409645958886335,0.999100794989281,0.0109317581142072,-0.00839601213122428
0.0328475672788295,-0.0122816651517556,0.999384909844532,0.492772782267309
0,0,0,1
0.998589689955055,-0.0414707675549042,-0.0331482511435297,0.175137045678339
0.0418263508932955,0.999073780571342,0.0101063022831367,-0.00806479958793874
0.0326984324764709,-0.011478519647338,0.999399347658526,0.493235623386998
0,0,0,1
0.998691754543876,-0.0391565268350097,-0.0328868638257513,0.177655576278031
0.0394894779252838,0.999174480876172,0.009536136482953,-0.00780278499994564
0.0324863131066433,-0.0108223459588091,0.999413586203772,0.493656282273503
0,0,0,1
0.998793730134533,-0.0366370178889338,-0.032692714236539,0.180194333534604
0.0369532012876209,0.999275381228095,0.00911994441002932,-0.00760650667235314
0.0323348969156024,-0.0103170437457342,0.999423840545044,0.494041533475935
0,0,0,1
0.998896047640801,-0.0338550023173394,-0.0325657001411023,0.182750776148535
0.0341599253344009,0.999377169654677,0.00885281165255379,-0.00747234084241948
0.0322457052758256,-0.0099554804555269,0.999430389221863,0.494396604607473
0,0,0,1
0.998997856403716,-0.0308029769551428,-0.0324724423393352,0.185333787328405
0.0311017705463079,0.999478038444023,0.00873673491493276,-0.00740026215298992
0.0321863755285575,-0.00973792990270153,0.999434445049571,0.494724297356296
0,0,0,1
0.999098240071111,-0.027466688438923,-0.0323772715497825,0.18795159363152
0.0277641595475976,0.999575993650861,0.00877407325649541,-0.0073909798080513
0.0321225486446011,-0.00966508888184358,0.999437205593969,0.495026132527209
0,0,0,1
0.999195430167098,-0.0238375679740598,-0.03225310351379,0.190612040008859
0.0241383265933439,0.999668404145664,0.0089678839273347,-0.00744576137656289
0.0320286359756741,-0.00973920458472662,0.999439500105732,0.495302910966056
0,0,0,1
0.999287337135217,-0.0199052519421702,-0.0320717755405786,0.193322944346517
0.0202136859432698,0.9997522265868,0.0093216058338745,-0.00756628991708634
0.0318782800946567,-0.00996325146997685,0.999442098812309,0.495554948204568
0,0,0,1
0.999347590565346,-0.0172141479063386,-0.0317500605211595,0.196076605649344
0.0175331748322518,0.999798281339225,0.00979716343809544,-0.00775653843351188
0.0315750061209857,-0.0103474510382876,0.999447822172558,0.495787772930846
0,0,0,1
0.999381055546603,-0.0157199724539204,-0.0314704350241048,0.198783607245301
0.016053928020671,0.999817170885981,0.0103873094042936,-0.00801455277387184
0.0313013930946457,-0.0108861043354083,0.999450706899912,0.495997671129488
0,0,0,1
0.999417560495693,-0.0142084992407637,-0.03102673560276,0.201529713505359
0.0145604973954285,0.999831835369293,0.011148672462219,-0.00834727758995712
0.0308631120990104,-0.011593943737889,0.999456376626897,0.496180630701509
0,0,0,1
0.999460452679756,-0.0123549733354087,-0.0304328467787567,0.204381500092651
0.0127300332566443,0.999845011160591,0.0121614107143538,-0.00877839099805907
0.0302778761220577,-0.0125422602093805,0.999462826685604,0.496334017098
0,0,0,1
0.999516881092628,-0.00996287550530788,-0.0294405421575762,0.207339979895454
0.0103677880476473,0.999853313374291,0.0136330739545447,-0.00937276811104996
0.0293003990052242,-0.0139317208598493,0.999473558315586,0.496424720463401
0,0,0,1
0.999574195924041,-0.00726970874993175,-0.0282591255614672,0.210381231499037
0.00771174051808534,0.999849123150856,0.0155647034230379,-0.0101450119088921
0.0281417110529783,-0.0157760029524773,0.999479445426395,0.496460782847252
0,0,0,1
0.999630059747262,-0.00428994886403555,-0.0268577733334202,0.213501250339217
0.00477098580244156,0.999828897452029,0.0178721435293535,-0.0110706377889116
0.0267765073181383,-0.0179936699593182,0.999479487782134,0.496455375698627
0,0,0,1
0.999671144563891,0.000541479966133293,-0.0256380484001198,0.216748094310237
-1.60854799821465e-05,0.999790087757325,0.0204885373674624,-0.0121129564684981
0.0256437607924021,-0.0204813872002568,0.999461310061963,0.49641428251499
0,0,0,1
0.999651579833492,0.007884760621082,-0.0251902657062642,0.220212223892329
-0.00729695898708789,0.999700912962353,0.0233417868163443,-0.0132406046557257
0.0253667760258317,-0.0231498417313627,0.999410131778675,0.496345375378581
0,0,0,1
0.999579316162816,0.0149242947303244,-0.0248687781420883,0.223768141870197
-0.0142699411774596,0.999552629308696,0.0262851673166344,-0.0144224400345272
0.0252499401636884,-0.0259192335703437,0.999345102481048,0.496243915812427
0,0,0,1
0.999450610525662,0.0221706962395459,-0.0246360984763111,0.22740230492194
-0.0214475048633541,0.99934225880703,0.02924131148906,-0.0156230196188517
0.025268194534179,-0.0286968637784274,0.999268736804202,0.496113108649814
0,0,0,1
0.999381359996742,0.0283255563929659,-0.0208461062573341,0.232203515262797
-0.0276707377291956,0.999134515947612,0.031057194265634,-0.0164849826155431
0.0217077765923924,-0.0304611539039507,0.999300200409394,0.496049895968527
0,0,0,1
0.9992623682268,0.0330419742484369,-0.0195690414566608,0.237639791530135
-0.0324036728432397,0.99895980119024,0.0320829797902939,-0.01697172927342
0.0206087707550734,-0.0314252055478043,0.999293618024374,0.496069082599497
0,0,0,1
0.999135084799673,0.0372065316762416,-0.0185676148972941,0.243705668522806
-0.0365974633363421,0.998813445620053,0.0321298385608108,-0.0169951448058589
0.0197410232686779,-0.0314225213696085,0.999311221367539,0.496133987586885
0,0,0,1
0.998979700986124,0.0407327265795981,-0.0195038971250666,0.249663180295751
-0.0401100530568385,0.99870434523386,0.0313179573852565,-0.0165956715893403
0.0207542926030033,-0.0305037013557182,0.999319159999522,0.496310995536073
0,0,0,1
0.998799999143694,0.0431501080945336,-0.023165273190417,0.255218102702292
-0.0424434584995211,0.998643067197113,0.0301757712369233,-0.0159752709787831
0.0244359272620462,-0.0291563459743118,0.999276134483492,0.496573628232396
0,0,0,1
0.998593571681114,0.0448274313991543,-0.0283086557665594,0.260430509367535
-0.0439998257656229,0.998604389984443,0.0292110875592558,-0.0154058616285472
0.0295786059467019,-0.0279244283370994,0.999172323662088,0.496900827186636
0,0,0,1
0.998291308217631,0.0459357068105984,-0.0361161290414958,0.265063351497566
-0.044947245351053,0.998604678216517,0.0277207824463681,-0.0149618286071907
0.0373391091549259,-0.0260500956600427,0.998963054093403,0.497123900385959
0,0,0,1
0.997953816382775,0.0464593655676816,-0.0439284386030526,0.269441826737112
-0.0453870961695969,0.998654091659608,0.0251001337210488,-0.014598752575699
0.0450354512395003,-0.0230549899711817,0.998719317710979,0.497158787881007
0,0,0,1
0.997580451200303,0.0464537028954482,-0.0517232720378407,0.273128413720983
-0.0454195674408253,0.998747387739564,0.0209932936169084,-0.0142667671315199
0.052633699057613,-0.018593250675953,0.998440776787894,0.496949224866228
0,0,0,1
0.997295714016837,0.0458389149776696,-0.0574460849607467,0.276357806940119
-0.0447907975113427,0.998807951640379,0.0194025822572108,-0.0134219424258787
0.0582669997678381,-0.0167770561666794,0.998160050855791,0.496534874041744
0,0,0,1
0.99713198192849,0.0448576152830415,-0.0609557623730608,0.279088287098199
-0.0438528357800881,0.998880778250849,0.0177234205226724,-0.0125617506878872
0.0616825697373824,-0.0149995063951285,0.997983103764034,0.496045353856709
0,0,0,1
0.997214445040705,0.0434409654071341,-0.0606319480691149,0.281416127022272
-0.0425023432343854,0.998957019649971,0.0166860334302248,-0.0120673861747995
0.0612935675397196,-0.0140625536992493,0.998020712791929,0.496091221925352
0,0,0,1
0.997344973535243,0.0418783491858789,-0.0595752266756155,0.28337732239368
-0.0409670091457236,0.999025275568597,0.0164378507337119,-0.0119524979207603
0.0602055472995601,-0.0139535889489117,0.998088467737107,0.496296897346251
0,0,0,1
0.997515310538776,0.0402199227278746,-0.0578408424600874,0.285004118158034
-0.0392968878879319,0.999082812087281,0.0170085035818604,-0.0122267766435361
0.0584718722383008,-0.0146932776307618,0.998180919347496,0.49652071695904
0,0,0,1
0.997724163496051,0.0383473968323727,-0.0554614346396331,0.286314655305715
-0.037400921969224,0.999138137113619,0.0180042772967676,-0.0127242510045574
0.056104051653671,-0.0158889937160102,0.998298490065339,0.496731204350671
0,0,0,1
0.997966775578152,0.0361885979704311,-0.0524661816704911,0.287322391929688
-0.0352378311949095,0.999199560429608,0.0189349858716,-0.0132210479024417
0.0531094162538578,-0.0170476923427523,0.998443171187505,0.4968983422819
0,0,0,1
0.998273423195703,0.033879485888439,-0.0479828404439328,0.288177443324073
-0.0329649688521198,0.999261859871911,0.01972425496457,-0.0136787238301338
0.0486156700016736,-0.0181084466827957,0.998653393720276,0.497024643103603
0,0,0,1
0.998620421927238,0.031656151291407,-0.0418944029111419,0.288965098598096
-0.0308241664462934,0.999317470275129,0.0203583979184934,-0.0140812840485314
0.0425102772604078,-0.0190389518706275,0.998914608281865,0.497117035020295
0,0,0,1
0.998926639846635,0.0302441374209867,-0.0350836194879124,0.289766471182873
-0.0295224153162657,0.999345377251505,0.0209103792395477,-0.0144334489614477
0.0356930693357418,-0.0198521816863602,0.999165599729937,0.49722627040859
0,0,0,1
0.999121411631263,0.0316782860145144,-0.0274388595815196,0.291138728963989
-0.0310956574798403,0.999287158966516,0.021406401157726,-0.0147327902704911
0.0280974181349138,-0.020534364363468,0.999394254023076,0.49742563600163
0,0,0,1
0.999214142750693,0.032478080385585,-0.0227216025285314,0.292818783693735
-0.0319820920894783,0.999249316434647,0.0218620536654414,-0.0149855588833092
0.0234145833312749,-0.0211181888275957,0.999502766073244,0.497669420966702
0,0,0,1
0.99926408475676,0.0309103777493664,-0.0227120554469907,0.294812955324796
-0.0304043456910808,0.999288940041308,0.022297759399044,-0.0151791987076021
0.0233851379797717,-0.0215908049528468,0.999493357888463,0.497935801824015
0,0,0,1
0.999320925857294,0.0290915917413578,-0.0226134126941101,0.297208566182415
-0.0285807757402569,0.999336121102594,0.0225932803662418,-0.0153165732294826
0.0232556746151369,-0.021931628976814,0.999488958042368,0.498225616726466
0,0,0,1
0.999367496406944,0.0272731293074083,-0.0228206823539305,0.299647352457473
-0.0267535459962991,0.999382655791743,0.0227718044798235,-0.015399822161068
0.023427652505992,-0.0221468670566469,0.999480195590505,0.498498290350319
0,0,0,1
0.999408882487417,0.0253584125550667,-0.0232128524300428,0.302115860853186
-0.0248289527339059,0.999431227351332,0.0228198356950021,-0.0154256148500621
0.0237783244024757,-0.0222299956746839,0.99947006887696,0.498749070107965
0,0,0,1
0.999450866237232,0.0233038239542303,-0.0235562680991243,0.304609270287335
-0.0227689350505495,0.999482427081612,0.0227256144408374,-0.0153920154948522
0.0240736697308789,-0.022176783900286,0.999464180789651,0.49897629842517
0,0,0,1
0.999493981042654,0.0210943584970227,-0.0238077697213697,0.307132237712421
-0.0205596575606575,0.999535760556796,0.0224847470329647,-0.0152970661171778
0.0242710185302385,-0.0219838897319606,0.999463669300569,0.499180536315378
0,0,0,1
0.999534695336489,0.0187397988575698,-0.0240668393722402,0.309693772082851
-0.018208787262387,0.999590000970202,0.0220968329591354,-0.0151386397068949
0.0244710621964908,-0.0216483232415036,0.99946611609189,0.499363654148996
0,0,0,1
0.999572347737771,0.0162479224859819,-0.024313096324635,0.312305704017944
-0.0157247142684407,0.999643924540611,0.0215582348586615,-0.0149146054030621
0.0246547155566102,-0.0211666989380685,0.999471918493405,0.499525531012274
0,0,0,1
0.999605101232376,0.013529478152415,-0.0246291455624419,0.314979683057301
-0.013016661051685,0.999697581490023,0.0208641342514891,-0.0146224163787632
0.0249039781014634,-0.0205353057908068,0.999478910778412,0.499667004572617
0,0,0,1
0.999634580424165,0.0107676754068793,-0.0247944103889654,0.317723197806969
-0.0102725831110313,0.999747016345952,0.0200094313661102,-0.0142594718154827
0.0250035928704517,-0.019747416886778,0.999492301055825,0.499785780284336
0,0,0,1
0.999649864452255,0.00791528751143165,-0.0252486974753131,0.320542330310987
-0.00743688517452,0.999792099015386,0.0189855599156079,-0.0138199145879026
0.0253937244115453,-0.0187911407322575,0.999500901345512,0.499886506720825
0,0,0,1
0.999671805221222,0.00493723814786389,-0.0251377311071515,0.323476092164932
-0.00449251602203355,0.999832944021729,0.0177172613186585,-0.0132837847909213
0.025221006037348,-0.017598514946243,0.999526984691334,0.49995286882904
0,0,0,1
0.999680021000036,0.00185327406063886,-0.0252273856874677,0.326525931278662
-0.0014476589046054,0.999869545517419,0.0160871448829893,-0.0126128300073308
0.0252539085502424,-0.016045476684927,0.999552291168846,0.499978970141538
0,0,0,1
0.999679368703201,-0.00144455529187813,-0.0252798941686623,0.329686253199391
0.00180049349943266,0.999899492885839,0.0140628002119281,-0.0117895876978742
0.0252570388669884,-0.0141038075231765,0.999581494727179,0.499960449490582
0,0,0,1
0.99966720668253,-0.00500079472987181,-0.0253074679811686,0.332939376444342
0.00529797462135908,0.999917641534611,0.011689380341683,-0.010822662765333
0.0252469275053346,-0.0118195685171151,0.999611369709053,0.499904138413298
0,0,0,1
0.999639956066805,-0.0088384705272406,-0.0253345549298663,0.336274246727599
0.00907073188523853,0.999917747246811,0.00906755556526641,-0.00974711305747118
0.0252523277703548,-0.0092940938020969,0.999637904324649,0.499812201296393
0,0,0,1
0.999593306761864,-0.0129821441065918,-0.0253906481067092,0.339680921246784
0.0131463201901117,0.999893674696404,0.00630979932974976,-0.00860530046037774
0.0253060337141583,-0.00664102676687365,0.999657692123229,0.49968661408732
0,0,0,1
0.999524090869604,-0.0177544872030323,-0.0252263742033632,0.343096491248011
0.0178484861281781,0.999834556294496,0.00350593529901889,-0.00743202414641647
0.0251599545751374,-0.00395451938243243,0.999675616618827,0.499524982291036
0,0,0,1
0.999416501156157,-0.0231265263013356,-0.0251360497695741,0.346502425276479
0.023152501905608,0.99973166893173,0.000742826015120016,-0.0062581363826417
0.0251121260011114,-0.00132435501718851,0.999683763603017,0.499336011817486
0,0,0,1
0.999271350189165,-0.0285980471016139,-0.0252768746702995,0.350123351550362
0.0285781418243109,0.999590901751127,-0.00114845384666684,-0.00537448542828477
0.0252993774823359,0.000425250916785574,0.999679829075622,0.499082343112408
0,0,0,1
0.998963116541242,-0.0379777972201141,-0.0251073437168463,0.35386373807034
0.037950171695939,0.999278389916874,-0.00157604358712723,-0.00501308249844441
0.0251490806682217,0.000621581408718204,0.999683518608812,0.498788641530131
0,0,0,1
0.998536306195054,-0.0476779853457849,-0.0255353661360818,0.357678146381392
0.0476835630882105,0.998862415502683,-0.000390777888925248,-0.00554947047509744
0.0255249490018937,-0.000827411332380251,0.999673842995273,0.498576109530889
0,0,0,1
0.9979670279873,-0.0578373889771095,-0.0267702724399078,0.36147767350764
0.0578771111062191,0.998323462054028,0.000710719676592779,-0.00659939650850123
0.0266842848919495,-0.00225866083572965,0.999641359383971,0.498301890858756
0,0,0,1
0.997471828205288,-0.064701571328083,-0.0293880690838521,0.365223455132983
0.064794435107444,0.997896168469456,0.00221768642634344,-0.00750658750949233
0.0291827537409944,-0.00411626306925758,0.999565617287048,0.497952807935438
0,0,0,1
0.997182836471306,-0.0667817433812942,-0.0341553714369377,0.368705099618269
0.0669344220997941,0.997751769340297,0.00334513325189231,-0.00824540786856867
0.0338551884532755,-0.00562187951323167,0.999410936845066,0.49746505635996
0,0,0,1
0.996887959073847,-0.0676481355412371,-0.0404737793068005,0.371863539816513
0.0678725760708636,0.997685175970155,0.00419560089924691,-0.00889329497006801
0.0400962650515732,-0.00692960368241483,0.999171792096694,0.496908236593266
0,0,0,1
0.996466948040404,-0.0677271230088314,-0.0496654635736805,0.374309268349498
0.0680481342478733,0.997670495309034,0.00479939737986488,-0.00949690518392186
0.0492247182665923,-0.00816208299229173,0.998754377969279,0.496328474030431
0,0,0,1
0.996163394082306,-0.0673661676800512,-0.0558595716285396,0.37642073292928
0.0678270645338859,0.997676601258918,0.0063944207846555,-0.00983543077522754
0.0552990199473445,-0.0101586786817171,0.998418158709218,0.495666318926093
0,0,0,1
0.996230810204364,-0.0667791689494996,-0.0553598716939589,0.378111882217596
0.0674431621828875,0.997670856783411,0.0102118264687489,-0.00962352127386545
0.0545489933392921,-0.0139069809617076,0.998414244292518,0.494862560908494
0,0,0,1
