1,-6.03049689326343e-16,-7.40729655677284e-14,-1.45664730277772e-14
6.03049689326343e-16,1,-1.16452042332818e-14,-2.7148422399037e-15
7.40729655677284e-14,1.16452042332818e-14,1,0.51262748
0,0,0,1
0.999957627997959,-0.00644930722222119,-0.00656876282484197,0.00465722395449503
0.00561843800497893,0.992821200920013,-0.119475922922263,0.0508905914006508
0.00729214392890243,0.119433954301512,0.992815368130865,0.475889608021235
0,0,0,1
0.999957493970814,-0.00646078507554058,-0.00657788019174963,0.00465464635232738
0.00562778832741233,0.99280548888934,-0.119605974891481,0.0509446719169566
0.00730330405714986,0.119563871999059,0.992799648601087,0.475880566756701
0,0,0,1
0.99995743017303,-0.00647961151139718,-0.00656905445340448,0.00463722173026368
0.0056464574479487,0.992787703820088,-0.119752631127359,0.0510087146530213
0.00729762701423749,0.119710441392128,0.992782027869997,0.475873761779978
0,0,0,1
0.999957065753968,-0.00650070157352572,-0.00660359960676314,0.00462147290169807
0.00566205551596893,0.99276792562263,-0.119915749517208,0.0510692929425471
0.00733537838482569,0.119873211077337,0.992762109213461,0.475862887581193
0,0,0,1
0.999957135963741,-0.00652628179756166,-0.0065676389281323,0.00462821213499361
0.00569098151945045,0.992754926666242,-0.120021949281165,0.0511389354473709
0.00730335296536988,0.119979428344213,0.99274951413217,0.47586369226684
0,0,0,1
0.99995525366258,-0.00653507122369165,-0.00683984771073713,0.00447375333513756
0.00565274054111868,0.992526853198763,-0.121895415023433,0.0510579577593989
0.00758532774371627,0.121851296765613,0.992519382319337,0.475952241794927
0,0,0,1
0.999956752736763,-0.00652002154571418,-0.00663189077043614,0.0044317314948188
0.00566276350538482,0.992520509147412,-0.121946594996512,0.0511918786715497
0.00737738203088704,0.121903766310991,0.992514506691749,0.475961881980149
0,0,0,1
0.99995590608128,-0.00653506621764679,-0.00674379735000716,0.0044037663462068
0.00566373920518392,0.99251538056757,-0.121988283843278,0.0513074537474827
0.00749052410600583,0.121944709792362,0.992508629585796,0.47597600945236
0,0,0,1
0.999954275800305,-0.00657438959867829,-0.00694432934798139,0.00438858669392889
0.00566315326948104,0.992273257217267,-0.123942372522405,0.0513570696030592
0.00770551774605777,0.123897378555162,0.992265118092652,0.476047488707702
0,0,0,1
0.999953804671634,-0.00659797226555244,-0.00698965554993109,0.00440664067841962
0.0056807206374081,0.992269670613011,-0.123970279480959,0.0515554376555065
0.00775357567599668,0.12392484635266,0.992261313626963,0.476048705453934
0,0,0,1
0.999954387964177,-0.00659934512721075,-0.0069043924483593,0.00444814775112504
0.00569280359923516,0.992272088006755,-0.123950374545197,0.0516933992125654
0.00766902721142234,0.123905415566092,0.992264397232423,0.476058924590045
0,0,0,1
0.99995487383033,-0.00660218389144274,-0.0068309202040028,0.0044909256724897
0.00570435035933275,0.992265913279752,-0.123999265038459,0.0518301058985856
0.0075967552249536,0.123954703464465,0.992258797289845,0.476080854913074
0,0,0,1
0.999954224268944,-0.00662767084090738,-0.00690096702789373,0.00451623123369855
0.00572013400127307,0.992252490573413,-0.124105902429607,0.0519692537755488
0.00767003479150975,0.124060746935057,0.99224498065559,0.476108194690737
0,0,0,1
0.999954017576625,-0.00663521125328236,-0.00692363372745626,0.00455233830101012
0.00572348614033657,0.992231197070723,-0.124275875639646,0.0521182774884389
0.00769444207002886,0.124230533812037,0.99222354841538,0.476153868575756
0,0,0,1
0.999955556736945,-0.00662576100237417,-0.00670699948154755,0.00461670350208589
0.00573901851649316,0.992197764247764,-0.124541801368886,0.0522753783533741
0.00747985410107779,0.124497774730632,0.992191693106603,0.476196570280333
0,0,0,1
0.999957399756911,-0.00660844385792744,-0.00644415558270529,0.00465420260962934
0.00575275806282466,0.992166543276119,-0.124789647720426,0.0523973464020227
0.00721834094983719,0.124747259983112,0.992162293518877,0.476229301369557
0,0,0,1
0.999958822996812,-0.00658703438206339,-0.00624205806440494,0.00469696752584709
0.00575572937882166,0.992148756598359,-0.12493084630966,0.0524620878557769
0.00701597392723613,0.124889774434818,0.992145816073158,0.476263280740355
0,0,0,1
0.999959371763889,-0.00657839180018449,-0.00616275773429403,0.00477748297846121
0.00575601210985017,0.992129896988701,-0.125080517370937,0.052515483832192
0.00693708484592726,0.125039962661996,0.992127453803858,0.476308589390447
0,0,0,1
0.999959913253912,-0.00657371106381356,-0.0060793262849673,0.00485374583900759
0.00576078670114156,0.992111353123052,-0.125227298704917,0.0525573469812469
0.00685457670564344,0.125187257047976,0.992109452354422,0.476363593880593
0,0,0,1
0.999960634943926,-0.00656362572055549,-0.00597054268392245,0.00493626385363882
0.0057632402588827,0.992089805758181,-0.125397776584806,0.0525841320975265
0.00674637860325606,0.125358430622336,0.992088579839344,0.47642198820471
0,0,0,1
0.999961486123042,-0.0065503956065456,-0.00584111187999227,0.00506883780526512
0.00576539569357641,0.99207188264741,-0.125539395700794,0.0526031418607901
0.00661713556558495,0.125500884370676,0.99207143973561,0.476489662641161
0,0,0,1
0.999962215486441,-0.00654141288560996,-0.00572516522979539,0.00519351392531742
0.00576986403253405,0.992049213489729,-0.125718203468931,0.0526035158841339
0.00650202033944466,0.125680419842827,0.992049472455702,0.476561383779543
0,0,0,1
0.999962883250078,-0.00652967547380107,-0.00562098393501258,0.00528818315868434
0.00577043473641643,0.992031930878796,-0.125854480253345,0.0525948894949604
0.00639798445946748,0.125817373423124,0.992032788943875,0.47663205346417
0,0,0,1
0.999963975321076,-0.00650980464640287,-0.0054470637537164,0.00544037878910944
0.00577181943424275,0.992016037057847,-0.12597963454647,0.0525742768010177
0.00622367740888594,0.125943656702152,0.992017873415596,0.476711782557256
0,0,0,1
0.999964972032499,-0.006484768736693,-0.00529173718886517,0.00558623056303155
0.00576577898676269,0.992000144028296,-0.126104996096571,0.0525404231030677
0.00606716578974198,0.126070067907779,0.992002786022806,0.476797589385663
0,0,0,1
0.999965946506861,-0.0064663204905436,-0.00512762381135514,0.00570889902918439
0.00576757072901515,0.991987363052412,-0.126205414591481,0.0524979621760361
0.00590262268174138,0.126171542923258,0.991990877378336,0.476895523482373
0,0,0,1
0.999966886489025,-0.00643356907814444,-0.00498348415890706,0.00580871770852295
0.00575267875309947,0.991974533151362,-0.126306897144621,0.0524433373607
0.00575609351982504,0.126274046296359,0.991978695647914,0.476995542658056
0,0,0,1
0.999968120573634,-0.00637051553970443,-0.00481397633896653,0.00589781704600951
0.0057099872823786,0.991939727307179,-0.126581884308118,0.0524415568963138
0.00558156623796761,0.126550361206585,0.991944480400397,0.477093931964917
0,0,0,1
0.999969103724369,-0.00631846526655723,-0.00467638678452167,0.00600537662688436
0.00567447142367996,0.991909741017459,-0.126818240205181,0.0524322369727773
0.0054398502502347,0.126787785970702,0.991914948651296,0.477206933300833
0,0,0,1
0.999970300060564,-0.00626687112051113,-0.00448612562747342,0.00612824521498098
0.00564634688544589,0.991884015855388,-0.127020541084649,0.052415597949567
0.00524573766364519,0.126991438360807,0.991889941888422,0.477330958731067
0,0,0,1
0.99997119737612,-0.00621504531570613,-0.00435633216059482,0.00616103920507109
0.00561030565303523,0.991856420595684,-0.127237437075718,0.0523895685174828
0.00511164246101334,0.127209331948727,0.991862720832127,0.477469226760336
0,0,0,1
0.999972273759961,-0.00615228780046322,-0.00419536245813552,0.00623155522629867
0.0055676072444086,0.991832773951211,-0.127423507508695,0.0523574453082762
0.0049450440753213,0.127396616403524,0.991839527679769,0.477623660402064
0,0,0,1
0.999973163804129,-0.0060983494830861,-0.00405977895246933,0.00629920636914668
0.00553040081867919,0.991806956261866,-0.127625922826666,0.0523141061503507
0.00480482448644298,0.127600045627561,0.991814066253095,0.477790525679735
0,0,0,1
0.999974020937255,-0.00605741058556259,-0.0039070740429274,0.00636862093808824
0.00550832327606282,0.991780740753967,-0.127830437080526,0.0522700553363369
0.0046492822312038,0.127805594738689,0.991788341395595,0.477973958470218
0,0,0,1
0.999974919511273,-0.00598840408430879,-0.00378145011150405,0.00636321710722182
0.00545500036925217,0.99175447606464,-0.128036331471668,0.0522242623068457
0.00451700336442413,0.128012492446146,0.991762269124174,0.478247525613056
0,0,0,1
0.999975713316921,-0.00592271959620558,-0.00367344101626228,0.00635513162215936
0.00540272477057626,0.991726877807393,-0.128252136042459,0.0521768503950519
0.00440265162926131,0.128229174632705,0.991734790874882,0.478537133276781
0,0,0,1
0.999976401842565,-0.00586686098282417,-0.00357431115108453,0.00631454488729928
0.00535912218305146,0.991699746249784,-0.128463586659962,0.0521300411147797
0.00429832146583728,0.12844139998584,0.991707785187882,0.478832080419818
0,0,0,1
0.999977332701587,-0.00577681242516717,-0.00345868778925399,0.00630672714976477
0.00528382704015402,0.991674175124598,-0.128663948185801,0.0520848341265494
0.00417315885497277,0.128642756613628,0.99168222022784,0.479133428729695
0,0,0,1
0.999978050659039,-0.00571881333283859,-0.00334565004322992,0.00629837511615446
0.00523771582076499,0.99157465046787,-0.129430594847207,0.0522349508376643
0.00405765118369296,0.129410230366788,0.991582839576849,0.479448516207718
0,0,0,1
0.999978723245234,-0.00565988153712232,-0.00324326961826215,0.00626211394862279
0.00518950733127633,0.991475627940974,-0.130188894352436,0.0524087790084672
0.00395247650083207,0.130169293383796,0.991483904553913,0.479755765316954
0,0,0,1
0.999979400468126,-0.00559609548008984,-0.00314362128545668,0.00620006163639805
0.00513628540304364,0.991375801428065,-0.130948993562841,0.0525779691616003
0.00384931314225526,0.130930149538753,0.991384122694172,0.480055718461697
0,0,0,1
0.999980170433225,-0.00550903368240033,-0.00305111262077294,0.00612630404308505
0.0050590663294924,0.991270414197869,-0.131747378660297,0.0527473468551128
0.00375027841796546,0.131729330385728,0.991278628301809,0.480356165496059
0,0,0,1
0.99998084342462,-0.0054174668526068,-0.00299396671428141,0.00604127183958927
0.00497293893436026,0.9911673217215,-0.132523998693758,0.0529244731329203
0.00368546633961597,0.132506571174145,0.991175275081825,0.480656188904394
0,0,0,1
0.999981527331502,-0.00533978246204772,-0.0029037422432676,0.00597294916023911
0.00490515848739028,0.991066295106372,-0.133279923935842,0.0531013907014191
0.00358948686735475,0.13326321858408,0.991074179946507,0.480950197711786
0,0,0,1
0.999982136791933,-0.00526883575109736,-0.0028223158695417,0.0059548631022051
0.0048432297368861,0.990972481598472,-0.133977922958534,0.0532496976429205
0.00350274503143617,0.133961860558873,0.990980297832833,0.481234368942391
0,0,0,1
0.999982716651182,-0.00521630216562922,-0.00271230356668763,0.0058898117996414
0.0048033133819143,0.990869832002213,-0.134736424950569,0.0534272090658416
0.00339036568472157,0.134721068209921,0.99087776198727,0.481523604990901
0,0,0,1
0.999983262081533,-0.00513813724903664,-0.00265990646177473,0.00577707571588677
0.00473060338770635,0.990776201051687,-0.135425776058977,0.0536009845252888
0.00333120824379832,0.13541092635086,0.990783924009891,0.481800754614761
0,0,0,1
0.999984044554121,-0.00501958626974246,-0.00259121416773035,0.00562258469629565
0.0046202857039351,0.990686456458351,-0.136084525020335,0.0537673036836379
0.00325016879506995,0.136070381581286,0.990693841536893,0.482066075086033
0,0,0,1
0.999984748751873,-0.00491659208768678,-0.00251582707992279,0.00551285928058003
0.00452594719713777,0.990576435575394,-0.136886234095017,0.0539563644929244
0.00316513279681878,0.136872759908575,0.990583580284565,0.482334711492153
0,0,0,1
0.999985423354098,-0.00482068967770166,-0.0024318779486204,0.00546298965074198
0.0044399758076675,0.990466762441803,-0.137680351222968,0.0541613393026493
0.00307240852638656,0.137667546825981,0.990473728504075,0.482577783760489
0,0,0,1
0.999986207382363,-0.00471056340546724,-0.00232285114468424,0.00537298861154555
0.00434349581212035,0.990354344829799,-0.138489731463637,0.0543708737029444
0.00295281038459651,0.138477732033506,0.99036114556342,0.482821845657382
0,0,0,1
0.999986959138065,-0.00459081868635876,-0.00223739527018915,0.00529794893821952
0.00423458964968217,0.990250240884263,-0.139235515150262,0.0545715993949339
0.00285478621001472,0.139224224948279,0.990256767400883,0.483054139923896
0,0,0,1
0.999987642949861,-0.00446181744453968,-0.0021922893680139,0.00518805394789835
0.00411113594328089,0.990151405521108,-0.139940318371194,0.0547557926679415
0.00279508655275097,0.139929576322044,0.990157513308613,0.483276191049172
0,0,0,1
0.99998815174648,-0.00437667910423687,-0.00213097317622734,0.00509565884980713
0.0040334857621422,0.99005235698182,-0.140641606316727,0.0549373902184826
0.00272531819534164,0.140631344709354,0.990058279863349,0.483493837099678
0,0,0,1
0.999988596102965,-0.004302621751765,-0.00207246473600866,0.00499416366372195
0.0039664697904631,0.989950652495991,-0.141357605880133,0.0551159841390472
0.00265984612752399,0.141347773483783,0.989956429419879,0.483695282890075
0,0,0,1
0.999988963152495,-0.00425401461394123,-0.00199422487768656,0.00488823326721505
0.0039276872454303,0.989856097412258,-0.14201929336776,0.055270798114664
0.00257814780423731,0.142009893230859,0.989861880960399,0.483882093564596
0,0,0,1
0.99998961431121,-0.00415651570043426,-0.0018693974831624,0.00478632644332615
0.00384734902322677,0.989765826765842,-0.142649241400095,0.0554041800713891
0.00244318955701075,0.142640567664887,0.98977153893261,0.484060611893472
0,0,0,1
0.999990994453395,-0.00388078710325221,-0.00171770299213373,0.00466409573182109
0.00359488823477515,0.98969139621315,-0.143171285669455,0.0555185124898428
0.0022556131515464,0.143163821383493,0.989696434497056,0.484237587949489
0,0,0,1
0.999993374623701,-0.00331320754295977,-0.00150776804548281,0.00450632395515104
0.00306230267689462,0.989627041222099,-0.143627788343023,0.0556074514920516
0.00196799670141711,0.143622219512757,0.989630630614884,0.484417632296638
0,0,0,1
0.999994126385159,-0.00302220482633245,-0.00161662400403761,0.0043968220741162
0.00275784822647155,0.989568964151058,-0.144033535894121,0.0556804754846638
0.00203505978843017,0.144028231492964,0.989571486586324,0.484589602249147
0,0,0,1
0.999988370670843,-0.00156093231831425,-0.00456311443750226,0.00350196235405651
0.000885676505000022,0.989519237885525,-0.144398384449339,0.055570526898473
0.00474068562558101,0.14439266374975,0.989509112921681,0.485963719472636
0,0,0,1
0.999999168278947,2.37376648910973e-05,-0.00128952624560411,0.00307900913732841
-0.000209556557540637,0.989535265717455,-0.144291073831804,0.0554411299374208
0.0012726065629361,0.144291224050561,0.989534447674525,0.486803778157075
0,0,0,1
0.999990856625451,0.00194485148403865,0.0038084403896736,0.00286759978309099
-0.00137518648444026,0.989541477637759,-0.144242063548097,0.0553503332584467
-0.00404913912204525,0.144235507373134,0.989535104422872,0.486994798045424
0,0,0,1
0.999986615971945,0.00287386804981993,0.00430218077375166,0.00240737937491283
-0.00222220366791324,0.98950663409729,-0.14447035297358,0.055359202163888
-0.00467222514827006,0.144458859056427,0.98949977683286,0.486989760787424
0,0,0,1
0.99998419251402,0.00257987782427199,0.00499589356327774,0.00202233240863589
-0.00182810331577005,0.98942643598244,-0.145024087024723,0.055546133774102
-0.00531721358896188,0.145012661548913,0.989415511921129,0.486847004524115
0,0,0,1
0.999982067771049,0.00164620602869047,0.00575796335931962,0.0016759118564713
-0.000790487200247492,0.989347386231613,-0.145571715956986,0.0557523032670373
-0.00593626703597547,0.145564553935311,0.989330946332566,0.486701831933689
0,0,0,1
0.999977765137911,0.000374833456551229,0.00665798240220044,0.00137041366861353
0.000601790568763131,0.989272782213438,-0.146078746639599,0.0559273200932642
-0.00664131597648453,0.14607950530983,0.989250560298318,0.486572950306924
0,0,0,1
0.999969879116209,-0.00115382715087208,0.00767525525433917,0.00110970071001788
0.00226601161654576,0.989205245912661,-0.146519099950231,0.056074625368258
-0.0074233450456671,0.146532078883015,0.989178064762131,0.486474356586605
0,0,0,1
0.999961402732915,-0.00195676055367662,0.0085652864842148,0.000878288117729859
0.00319377873689786,0.989148119272226,-0.14688702433366,0.0561999567875054
-0.00818491428182584,0.146908710525799,0.98911619031833,0.486406671090681
0,0,0,1
0.99995542389108,-0.00178813989556701,0.00927107256601366,0.000682127532977384
0.00313354788223435,0.98910089314768,-0.147205991902954,0.0562982372580948
-0.00890680124849287,0.147228481382431,0.989062406100517,0.486348697834449
0,0,0,1
0.999948014472096,-0.00160024562865974,0.0100701324341682,0.000555184371512573
0.00306808108341795,0.989059686965766,-0.147483973697642,0.0563601061798024
-0.00972395144883518,0.14750720264824,0.989013179859152,0.486311068490864
0,0,0,1
0.999939296286441,-0.00141005504339879,0.0109277393339876,0.000484293830054668
0.00300838899664031,0.989033263936665,-0.147662291809492,0.0564259486535143
-0.010599685741657,0.147686203050797,0.988977467938788,0.486314183706107
0,0,0,1
0.999930861913164,-0.00121591303795134,0.0116958517894829,0.000437095227461225
0.00293031197882845,0.989027087070487,-0.147705227776723,0.0564307147889916
-0.0113879175139331,0.14772928821446,0.988962270634398,0.486299682557984
0,0,0,1
0.999921560873476,-0.000982494530436243,0.0124862646475489,0.000415966763382509
0.00281615713979744,0.989028197512582,-0.147700012809672,0.0564074013097088
-0.0122041533632995,0.147723590633016,0.988953385863648,0.486275286959473
0,0,0,1
0.999911364552278,-0.000780472710592293,0.0132911211547505,0.000415519966933501
0.00273527051300633,0.989028202223228,-0.147701501354287,0.0563691203594195
-0.0130300166700935,0.147724764577364,0.988942674069705,0.48622920295249
0,0,0,1
0.999906314909011,-0.000692800854589203,0.0136704583704302,0.000477589206390892
0.00270355675488999,0.989039771644027,-0.147624594452294,0.0563346169138541
-0.0134183525797645,0.1476477230888,0.988948986389459,0.486195589830581
0,0,0,1
0.999902220546983,-0.000640234651851576,0.0139692320763956,0.000531682121273257
0.0026942749855237,0.989054942111687,-0.147523090961212,0.0562941057126819
-0.0137218886278825,0.14754630318662,0.988959957828651,0.486163607736914
0,0,0,1
0.999899567281264,-0.000577566284217053,0.0141605708899345,0.00057205185477716
0.00265845580608811,0.989076935474253,-0.147376213567818,0.0562541002113333
-0.01392077452833,0.147399057425912,0.988979135223026,0.486119239648091
0,0,0,1
0.99989640290435,-0.000510924409231775,0.0143847980587063,0.000615996892056544
0.00262358649677396,0.989097907568657,-0.147236021534131,0.0562139421547568
-0.0141527471833441,0.14725850807187,0.9889967803525,0.486074394011122
0,0,0,1
0.999893508061003,-0.000451660945030936,0.0145865876699143,0.000655426110756872
0.00259252330337491,0.989120131958812,-0.147087196508408,0.056177135943212
-0.0143614539787175,0.147109348976101,0.989015969579584,0.4860225549384
0,0,0,1
0.999890417033824,-0.000385879622922485,0.0147988182245425,0.000696308263837244
0.00255603876296987,0.989146834978725,-0.146908153338792,0.0561445975430123
-0.014581515345417,0.146929881060621,0.989039427657838,0.485972893949247
0,0,0,1
0.999888526451531,-0.000343181112825974,0.0149270525325614,0.0007263122296085
0.00252974441399577,0.989175834369612,-0.146713220578042,0.0561133901304486
-0.0147151304372712,0.146734627562499,0.989066435589799,0.485903489911234
0,0,0,1
0.999886322421238,-0.000307532131673739,0.0150747357827369,0.00075891646345535
0.00251345891681985,0.989202437847447,-0.146534021581818,0.0560800027419624
-0.0148669014661697,0.14655525367811,0.989090760678786,0.485826093538759
0,0,0,1
0.999882731499804,-0.000262326456872643,0.01531190495401,0.000803994474138013
0.00250090211039158,0.989227673622353,-0.146363777036332,0.0560455299832309
-0.0151085650253375,0.14638490675113,0.989112324429505,0.485747163652407
0,0,0,1
0.999880008698133,-0.000196963268577677,0.0154896549765264,0.000839035704743515
0.00245296761129501,0.989316537868908,-0.145762721053687,0.055853387021767
-0.0152954619321855,0.145783226416992,0.989198311634089,0.485660294737017
0,0,0,1
0.999877324806277,-0.000197831574862708,0.0156619347754526,0.000874140381166406
0.00246743713611453,0.989424699981049,-0.14502646248665,0.0555990666758904
-0.0154676143028544,0.145047316176758,0.989303810251279,0.485538763964392
0,0,0,1
0.999875994579432,-0.000223214662260861,0.0157462896901845,0.000893597279750516
0.00249533509731929,0.989512658843601,-0.144424621484773,0.0554076534297901
-0.0155489152851492,0.144446004318161,0.989390510905564,0.485427439508784
0,0,0,1
0.999866191106305,-0.00013339433913328,0.0163579365605707,0.00121109768090072
0.00248739143709031,0.98957890658544,-0.143970137615424,0.0552742060198149
-0.0161682641742414,0.143991561721914,0.989446823930663,0.485298658554539
0,0,0,1
0.999863870931854,-0.000245898084218842,0.0164978525663589,0.0015911801920655
0.00261189581902351,0.989640297091343,-0.143545325152684,0.0551670529355109
-0.0162916421946869,0.143568875133476,0.989506220540078,0.485177907426507
0,0,0,1
0.999862247236958,-0.000182636767070891,0.0165967826421613,0.00202187932332881
0.00255291686918948,0.989732766042922,-0.142907433104387,0.0549914271248815
-0.0164002794402669,0.142930117416999,0.989596893876211,0.485051264332711
0,0,0,1
0.999863378610191,-0.00035965424467584,0.016525579053055,0.00234506126243523
0.00270183736802552,0.989873176948032,-0.141928832989095,0.0542011457540488
-0.016307182130927,0.141954091901692,0.98973891082614,0.485071929254062
0,0,0,1
0.999837465319112,2.66003067482044e-05,0.0180289277739201,0.00289260699910187
0.00251578824146744,0.99000928198413,-0.140979758812364,0.0539363330754377
-0.017852555945232,0.141002201676754,0.989848304220667,0.484897243766188
0,0,0,1
0.999801431365428,0.000128831760406392,0.0199268974509223,0.00350854879830017
0.00267778304549593,0.990040911575242,-0.140754477318579,0.0534473643575384
-0.0197465773642755,0.140779887802352,0.989843975519755,0.484813315105756
0,0,0,1
0.999754581084631,0.000625181252204645,0.0221446776606978,0.00418924194327747
0.00246568975148148,0.990250857411646,-0.139273686565515,0.0530288844078735
-0.0220158573383767,0.139294108073177,0.99000628961727,0.48459112374357
0,0,0,1
0.999718105437037,0.000660185529362208,0.0237333903277171,0.00507078043759303
0.00264528517931061,0.990292543756617,-0.138973667456711,0.0524947098521411
-0.023594747883821,0.138997273121148,0.990011639293793,0.484420988708531
0,0,0,1
0.999713486067878,0.000462092997944105,0.0239318249214628,0.00595473174714874
0.00285501087555787,0.990374205790071,-0.138386348382298,0.0519941142765681
-0.0237654094622993,0.138415024385894,0.990089130501563,0.484373283155066
0,0,0,1
0.999715854923277,0.000154719797416846,0.0238366414749456,0.00695861060166399
0.00313206939504269,0.990456678186206,-0.137788819494369,0.051491015413743
-0.0236304793926287,0.137824325494926,0.99017476020425,0.484388170741891
0,0,0,1
0.999719621031795,-0.00013835142918705,0.0236782639339706,0.00805584895700284
0.00338359795132838,0.990555439388353,-0.137071050054527,0.0510007330028317
-0.0234356691593924,0.13711273594028,0.99027817660192,0.484433875534102
0,0,0,1
0.999719244097593,-0.000475090899399682,0.0236898136247135,0.00917878529838231
0.00370114243131976,0.99065762016774,-0.136322342806651,0.0505101332171038
-0.0234037288832237,0.136371748878675,0.9903812455727,0.484522805050332
0,0,0,1
0.999719403432319,-0.000824099053766401,0.02367351392753,0.0103133174845225
0.00402488106700618,0.990772081137509,-0.135478719992647,0.0500267158794228
-0.0233434087768653,0.13553598820682,0.990497390792867,0.484625618216077
0,0,0,1
0.999719035562764,-0.00119827194453592,0.0236730665061248,0.0115344663316247
0.00437500351212634,0.990890221526621,-0.134600996382615,0.0495472183651057
-0.0232961215167966,0.134666748038522,0.990617059057133,0.484707233158555
0,0,0,1
0.999695864537006,-0.00142343544333831,0.024620159608484,0.0124537518701694
0.00472183559206006,0.990910662599641,-0.134438696121991,0.0494179772373979
-0.0242050138659356,0.134514060892823,0.990616012754625,0.484691356961504
0,0,0,1
0.999676622333606,-0.00175164293317341,0.0253689279771215,0.0133775760699354
0.00514519227562355,0.990923422248498,-0.134329066980204,0.0493382421787619
-0.0249033683689692,0.134416155972264,0.990611992284325,0.484640991919442
0,0,0,1
0.99967116005916,-0.0019023095402614,0.0255725040695243,0.0142226875287721
0.00531978168659692,0.990933954218313,-0.134244546630635,0.0492671999748543
-0.0250852878950941,0.134336441800693,0.990618215426887,0.484600761122984
0,0,0,1
0.999667519738669,-0.00198292356405331,0.0257083253767727,0.0150536618048005
0.00541434202214212,0.990952633948969,-0.134102804482489,0.0492051737890885
-0.0252098171355161,0.134197411613416,0.990633897984646,0.484579298421739
0,0,0,1
0.999664206190564,-0.00209213732982361,0.0258282369274812,0.0158328017270382
0.00553590388068855,0.990966797969932,-0.13399313075469,0.0491475064788915
-0.025314593214443,0.134091119327914,0.990645619324981,0.484543262991836
0,0,0,1
0.99966001143504,-0.00217083128814761,0.0259836300238066,0.0166078346329866
0.00563133678446519,0.990984284663046,-0.133859760932447,0.0490947342536677
-0.0254587820548351,0.133960572715969,0.990659586020291,0.484470187760476
0,0,0,1
0.9996550031235,-0.00227510352522975,0.0261667467237441,0.0173766834092068
0.00575998251763055,0.990979727898155,-0.133888018494172,0.0491044297953022
-0.0256261064454138,0.133992547549663,0.990650947543886,0.484352037637641
0,0,0,1
0.999650569707133,-0.00234737483203313,0.0263292293013292,0.0181093151025691
0.00585874353488914,0.990951451088459,-0.134092865991711,0.0491801929342886
-0.0257762217634088,0.134200266084224,0.990618935299809,0.484195756319996
0,0,0,1
0.999647538128288,-0.0024072004491568,0.0264387008011019,0.0188180979409551
0.00594131459631726,0.990906536553921,-0.134420744662351,0.0493174252932072
-0.025874703764878,0.134530447114068,0.99057158171652,0.484002568314828
0,0,0,1
0.999643925229677,-0.00245675660808566,0.026570417730503,0.0195472420675706
0.00601285600334752,0.990881867986399,-0.13459929144861,0.0493978721097705
-0.0259974674552697,0.134711128132584,0.990543812076558,0.483777130787469
0,0,0,1
0.999665280524787,-0.00207959189963836,0.0257876367825661,0.0201397544527427
0.00548942137743672,0.991117961365088,-0.132872318081881,0.0495128070143374
-0.025282269799991,0.13296940233393,0.990797630637416,0.483041515266622
0,0,0,1
0.999691965597891,-0.00181789787025536,0.0247521547821433,0.0210413296358192
0.00504922715823407,0.991353701815193,-0.131119575969484,0.0495029235424948
-0.0242997782732767,0.131204165881447,0.991057509749673,0.481997889434127
0,0,0,1
0.99970991277099,-0.00154811734351933,0.0240352582700815,0.022010375198565
0.00464397829417171,0.991595919451564,-0.12929023935553,0.0493647477949686
-0.0236331075616832,0.129364353125958,0.991315459562334,0.480861035887203
0,0,0,1
0.999721265540741,-0.00132879577873935,0.0235717103197388,0.0230119582118109
0.00432160464286812,0.991845250746585,-0.127374731814259,0.0491058871404197
-0.0232102339266544,0.127441095700022,0.991574531826957,0.479764450000787
0,0,0,1
0.999730311465689,-0.00117816150631231,0.023193022057979,0.0240286475267224
0.00407729994226188,0.992103678179298,-0.125354167734023,0.0487382714793365
-0.0228621950367345,0.125414926059755,0.991840922910286,0.478732259313181
0,0,0,1
0.999737154301772,-0.00106429309302003,0.0229017376809478,0.0250656361165759
0.00387942575839227,0.992370271818008,-0.123232275267637,0.0482723826165208
-0.0225958483881423,0.123288729785272,0.992113560407051,0.477775421102842
0,0,0,1
0.999741034060434,-0.000980209498260181,0.0227355229786872,0.0261296988840226
0.00372521987344078,0.992644135554073,-0.121011333713013,0.0477166554185667
-0.0224496670948461,0.121064690721313,0.992390726028757,0.476890130003477
0,0,0,1
0.99974343728525,-0.000930721354053894,0.0226316893500071,0.0272152019993233
0.00361124988598708,0.992924623004418,-0.118691414625471,0.0470786437330162
-0.0223610929816741,0.118742691519502,0.992673236634981,0.476060541726511
0,0,0,1
0.999743081910777,-0.000909811357046219,0.0226482320465968,0.0283506385412725
0.00353775862217623,0.993211837092768,-0.116265777091719,0.0463539626518637
-0.0223887122334698,0.116316030288626,0.992959881698361,0.475258001631266
0,0,0,1
0.999734491429141,-0.000822412508951334,0.0230275983242458,0.0296461363568207
0.00343461188601722,0.993517234849329,-0.113629694616049,0.0455138324873693
-0.0227848653300852,0.113678615821135,0.993256272175958,0.474435999210856
0,0,0,1
0.999712193040389,-0.000725282883643458,0.0239792629393539,0.0311994588840068
0.00339003109624099,0.993783924752616,-0.111274519061886,0.0447417200808409
-0.0237495005324848,0.111323783927902,0.993500365554251,0.473575897584274
0,0,0,1
0.999715597155915,-0.000819341018901698,0.023833872607836,0.0328368880706898
0.00343068739952485,0.993955360448204,-0.109731362063208,0.0443132661013268
-0.0235998980327999,0.109781920718189,0.993675487619709,0.472730569657711
0,0,0,1
0.999758804856812,-0.00120993459704036,0.0219287065179553,0.0345274884533026
0.00357940949942609,0.994107529589221,-0.108339316232161,0.0439458459849847
-0.0216684087767226,0.10839167713569,0.993872086532667,0.471957788559838
0,0,0,1
0.9998075414958,-0.00173821208739724,0.0195412022880604,0.036389596139634
0.00382099549790089,0.994245386692445,-0.107058446813853,0.0435908212194382
-0.0192426599390181,0.107112509351284,0.994060677413075,0.471231389266298
0,0,0,1
0.999872675442223,-0.0018600138620714,0.0158484463731612,0.0381218454668374
0.0035267361494664,0.994381456154644,-0.105797361913712,0.0432487436606699
-0.0155626166226027,0.105839784600129,0.994261406753604,0.470571111625691
0,0,0,1
0.999934635705839,-0.000879593834666908,0.011399589050376,0.0393860862346685
0.00206795819437599,0.99450609049073,-0.104658298886183,0.0429374575920835
-0.0112449039452434,0.104675031843938,0.994442904265365,0.47009373439089
0,0,0,1
0.99996818438298,0.000559147677595754,0.00795723417276982,0.0405737229833921
0.000267484488391342,0.994628807847441,-0.103505859988827,0.042629257327739
-0.00797236940025527,0.103504695322738,0.994597013554884,0.469705904203006
0,0,0,1
0.999983375450432,0.00183934627372508,0.00546494538363928,0.0416588906857846
-0.00127033378392889,0.994746991541502,-0.10235628496193,0.0423198321807442
-0.00562450663065087,0.102347641030048,0.994732790904546,0.469441391337019
0,0,0,1
0.999984842905444,0.00186928832356743,0.00517877596899899,0.0425482681199461
-0.00133515981730151,0.994856520685001,-0.101285342467686,0.042036580001645
-0.00534147054994881,0.101276892782596,0.994843937349304,0.469280739291431
0,0,0,1
0.999986479713779,0.000438544533498817,0.00518151216689891,0.0432898711877922
8.32596675279124e-05,0.9949594370895,-0.10027817117585,0.0417633678721521
-0.00519937087264856,0.100277246797254,0.99494594844006,0.469077979377997
0,0,0,1
0.999981022376782,-0.00273727062907146,0.00551926043863421,0.0438954740504204
0.00327216349673974,0.995046228150498,-0.0993594323127833,0.0415202172919798
-0.00521994562585223,0.09937560662945,0.995036301335128,0.468843922466403
0,0,0,1
0.999968390111433,-0.00503982164047893,0.00614971347151975,0.0443079083790557
0.00562194272695023,0.995107408771387,-0.0986389313013375,0.0413600692428445
-0.00562250281676432,0.0986703866726347,0.9951042871257,0.4686361463092
0,0,0,1
0.999962625242721,-0.00484349949443883,0.00716160808289537,0.0445540387020981
0.00552318786873471,0.995155854507536,-0.0981545701184779,0.0412914206794093
-0.00665150460063611,0.0981904565221279,0.995145412356669,0.468415479679926
0,0,0,1
0.999936325632359,-0.00508791304854787,0.0100726273468311,0.044767998720651
0.00607835494157041,0.994880264292672,-0.100877714695306,0.0412184451841522
-0.00950780111603096,0.100932516374822,0.994847842062385,0.468228462400494
0,0,0,1
0.999921423390399,-0.00468265177672102,0.0116284056196755,0.0446453943252827
0.00583555783364087,0.994851054555388,-0.101179669473677,0.0418180743823076
-0.011094742434503,0.101239577351796,0.994800208417721,0.467920294791749
0,0,0,1
0.999900431491738,-0.0042904030450691,0.0134431969540969,0.0444185931878689
0.00563929620202414,0.994771795269188,-0.101967022488957,0.0424404685098755
-0.012935433544401,0.102032679954162,0.994696942179069,0.467612365067766
0,0,0,1
0.999867890509936,-0.00438261033343815,0.015652292288233,0.0442378537007532
0.0060011781478409,0.994463912801773,-0.104907158935056,0.042859899226558
-0.0151058726344728,0.104987231898228,0.994358835506729,0.467316357933455
0,0,0,1
0.999841787876485,-0.00452846092036214,0.0172015190505663,0.0441558918502517
0.00635295768188783,0.994180500488118,-0.107539631661481,0.0430197078933337
-0.0166144257994788,0.107631898110586,0.99405197820057,0.467031323911078
0,0,0,1
0.999852055697154,-0.00446368749897254,0.0166115084229829,0.0443192938525741
0.00619704665935512,0.994367567315032,-0.105805187418613,0.0429717789074081
-0.0160456639275877,0.105892476436702,0.994248117978216,0.46681294864151
0,0,0,1
0.999853207182554,-0.00429073520985747,0.0165877568742411,0.0446834106707956
0.00599433767971236,0.994553136062698,-0.104058288779098,0.0426645462893318
-0.0160509190559801,0.104142446385763,0.994432862921498,0.466682752187657
0,0,0,1
0.999851416982692,-0.00469259014115813,0.016586848871015,0.0451773291073516
0.00640526301196964,0.994476902007873,-0.104760030443727,0.0422222658176231
-0.0160036421932722,0.104850708011869,0.994359196903191,0.466602919884138
0,0,0,1
0.999854345270509,-0.00450096228403834,0.0164629761039471,0.0455689239082444
0.00618519776925071,0.994586279800685,-0.103729819053097,0.0422562971861974
-0.0159069661543842,0.103816537077436,0.994469252947024,0.466475936846089
0,0,0,1
0.999855428966883,-0.00435439328544148,0.0164365575643696,0.0458940025687746
0.00601371967359774,0.994735921401593,-0.102295072457139,0.0420920619512183
-0.0159046012568224,0.102379128402422,0.994618297502324,0.466374745347101
0,0,0,1
0.999852296290907,-0.00488474719791273,0.0164780110029507,0.046180749304652
0.00656332040095787,0.994617768753724,-0.103404143556622,0.0417977327470772
-0.0158842194367633,0.103497020846866,0.994502920181087,0.466276377190634
0,0,0,1
0.999854444489772,-0.0046811000109154,0.0164066186869135,0.0463737819539148
0.00633721958208883,0.99472401547307,-0.102391272524074,0.0418609774747298
-0.015840753833652,0.102480341255377,0.994608893070117,0.466157165367491
0,0,0,1
0.999851072681487,-0.00523222299418807,0.0164455556373094,0.0464349240197943
0.00691012417284564,0.994585912295428,-0.103687575183279,0.0416968520675319
-0.015814001441653,0.103785774102289,0.994473946593068,0.46606821740121
0,0,0,1
0.999852026294543,-0.00503640319970811,0.0164487129437646,0.0464606954295373
0.00669973704080967,0.994691083860277,-0.102687687735436,0.0418412326415763
-0.0158442115070584,0.10278269470916,0.994577638311883,0.465992267156931
0,0,0,1
0.999853538218015,-0.00481932682688245,0.0164218209055081,0.0463975953810298
0.00645972482852724,0.994829751178279,-0.10135106376207,0.0417346443476394
-0.0158484721047992,0.101442300148899,0.99471517816531,0.465943682651087
0,0,0,1
0.999854049925897,-0.00465380108895336,0.0164383996242537,0.0463378647908805
0.00627869580183481,0.994945209392702,-0.100222793243559,0.0416463679993432
-0.0158888900118992,0.100311377430168,0.994829216867022,0.465901332202578
0,0,0,1
0.999473327248121,-0.00365475700395084,0.0322445479238219,0.0489650496152291
0.0060698010709165,0.997155954754658,-0.0751209651980501,0.0392576750163879
-0.0318782940969098,0.0752771190241047,0.996652963531891,0.46762234212631
0,0,0,1
0.999197706237242,-0.00224795143055682,0.0399861296526608,0.052349615344317
0.0041387272293972,0.998873760749665,-0.0472660662922313,0.035594077164159
-0.0398348438826385,0.0473936367056466,0.99808167421943,0.469483452035982
0,0,0,1
0.999150590952002,-0.00249594836197945,0.0411323089801694,0.0564288155764958
0.00342491109538067,0.999740305836136,-0.022529777421391,0.0310718681855847
-0.0410653939985303,0.0226515149260047,0.998899665775949,0.470865853005954
0,0,0,1
0.99914986157185,-0.0018612515352186,0.0411836115909659,0.0606604573159206
0.00200449057038224,0.999992084359363,-0.00343703886645578,0.0255315585000881
-0.0411768884024296,0.00351666906872474,0.999145683521755,0.47157009709371
0,0,0,1
0.999210113626999,-0.00110049659144224,0.0397232643770875,0.0648927138043411
0.000611607844913627,0.999923950650976,0.0123174206061416,0.0191683776074915
-0.0397337987280829,-0.0122833961833357,0.999134797420668,0.471702964034884
0,0,0,1
0.999333306624114,-0.00173150646566936,0.0364683994311918,0.0689357128502966
0.00073565673895325,0.999626934775695,0.0273029317127449,0.012175816515487
-0.0365020695423703,-0.0272579008052294,0.998961763914323,0.471533090922232
0,0,0,1
0.999455487446007,-0.00152209246553689,0.0329607622574186,0.0729561239400105
0.000100911716245329,0.999071786597416,0.0430761539819007,0.00556940554899691
-0.032995733525552,-0.0430493723481917,0.998527933064237,0.471041418565842
0,0,0,1
0.999631871458909,-0.000937492136897461,0.0271153586008392,0.0764004541448695
-0.000596056989728421,0.998402808170514,0.0564931620047666,-0.000996896089700901
-0.0271250120667963,-0.0564885275584792,0.99803470880258,0.470544960032699
0,0,0,1
0.999774155225403,-8.71081655065939e-05,0.0212516106565776,0.0795430617575216
-0.00125731137319689,0.997997528186585,0.0632404372342319,-0.00772951823880023
-0.0212145636637215,-0.0632528746037166,0.997772026137697,0.470022846775978
0,0,0,1
0.999846826149332,0.000954965627474572,0.0174760487455851,0.0823135839693928
-0.00216588029557553,0.99758636282159,0.0694028650340647,-0.0130765021637265
-0.0173675905540453,-0.0694300853596026,0.997435627018258,0.469637689846257
0,0,0,1
0.999872018324111,0.00210396023792129,0.0158593922892999,0.0842972059684097
-0.00328995385022064,0.99716825251215,0.0751309016685446,-0.0171200620576609
-0.0156564100652761,-0.0751734629585624,0.997047555180136,0.46924806073898
0,0,0,1
0.999875653016776,0.00330823702299608,0.0154186274381009,0.0858364154105805
-0.00454035661721019,0.996738261559414,0.0805743327946639,-0.0200417233008238
-0.0151017769174305,-0.0806343196865725,0.996629340739384,0.468854020703427
0,0,0,1
0.999891887683866,0.00433893091027626,0.0140494349548895,0.0866351359178876
-0.00554800652489682,0.996175632984076,0.0871970634389477,-0.0224665760567008
-0.0136173627254151,-0.08726558271926,0.996092006546118,0.468587959007273
0,0,0,1
0.99987947128905,0.00495853497317067,0.0147124377874808,0.0873170676175415
-0.00631711695723136,0.995572638135016,0.0937828141518069,-0.0247470610494929
-0.0141822751376254,-0.0938644508203374,0.995483966693647,0.468249735530023
0,0,0,1
0.999847289165674,0.00519371386684601,0.0166860326118487,0.0878829085329571
-0.00679671802358873,0.995212656068075,0.097496532379545,-0.0268079888220558
-0.0160997817426875,-0.0975950538613365,0.995095976521683,0.467867397203703
0,0,0,1
0.99980644226045,0.00466383705771122,0.0191135197805549,0.0882166936467625
-0.00656925315228936,0.994877641485333,0.100872807959343,-0.028642236543351
-0.0185451591398855,-0.100978844796722,0.994715713144211,0.467458344217455
0,0,0,1
0.999754091589656,0.00691828611168935,0.0210687841846251,0.0883308967070194
-0.00906854248087664,0.994563288292776,0.103738262553089,-0.030354019590886
-0.0202365482979197,-0.103903815606252,0.994381455587064,0.467217001857907
0,0,0,1
0.999716160728807,0.00627956944363113,0.0229818403365953,0.0883235260142655
-0.00869038703786628,0.994290378708953,0.106353749251918,-0.0318344614148637
-0.0221827669776841,-0.106523282968609,0.994062731941402,0.46710375095473
0,0,0,1
0.999717758003097,0.00560311374396477,0.0230869974148638,0.0886884695904856
-0.00809920124265936,0.993955499834927,0.109484552732938,-0.0328059594054231
