1,-6.03049689326343e-16,-7.40729655677284e-14,-1.45664730277772e-14
6.03049689326343e-16,1,-1.16452042332818e-14,-2.7148422399037e-15
7.40729655677284e-14,1.16452042332818e-14,1,0.51262748
0,0,0,1
0.998059911822858,-0.0366918925894354,-0.0503002726667892,-0.00486731210120304
0.037285988196797,0.999244929434005,0.0109236479538138,-0.011850892859277
0.0498614830940309,-0.012777950486517,0.998674399634349,0.498622481385527
0,0,0,1
0.998056716757919,-0.0367642239630909,-0.0503108534095286,-0.0048821772097407
0.0373600214475662,0.999241839673033,0.0109532937644139,-0.0118684061189858
0.0498700203713692,-0.0128116229746212,0.998673541946974,0.498608666929694
0,0,0,1
0.998047322490334,-0.0368417809285695,-0.0504403137171615,-0.00490449218463715
0.0374387488238183,0.999239021156325,0.0109416034042762,-0.0118701409152185
0.0499988215499268,-0.0128086602172404,0.99866713977534,0.498560594291722
0,0,0,1
0.99802869662926,-0.0369128887718409,-0.0507558799255738,-0.00493178509964962
0.0375106793250464,0.999237042375639,0.0108757565694524,-0.0118495436054719
0.0503156997474457,-0.0127582046896164,0.998651870559517,0.498466676075357
0,0,0,1
0.997997924653316,-0.03699337642768,-0.0512994394526355,-0.0049631873873644
0.0375914634825237,0.999235442681903,0.0107429959295608,-0.0118038883795911
0.0508627983984044,-0.0126499086471184,0.998625533195653,0.498321689134942
0,0,0,1
0.997966144851797,-0.0369916490622511,-0.0519152350403731,-0.0049958258249187
0.0375862237312829,0.999237977917344,0.0105232729357548,-0.011719680113704
0.0514864012654203,-0.0124531677622081,0.99859604900952,0.498137438863225
0,0,0,1
0.997927219204842,-0.0369822473236808,-0.0526647752580457,-0.00502992405237595
0.0375680922806517,0.999242240900782,0.0101775459702158,-0.0115806916804379
0.052248479523167,-0.012134965285221,0.998560383254335,0.497949301257244
0,0,0,1
0.997878077351841,-0.0369222492267326,-0.0536291921683753,-0.00505637050549527
0.0374931604091597,0.999250014513606,0.00967839951083637,-0.011374883690583
0.053231622773747,-0.0116685906002989,0.998514015089561,0.497779441573933
0,0,0,1
0.9978182281109,-0.0369468734534654,-0.0547148260678635,-0.00508279103334757
0.0374942924637222,0.999256203345045,0.00901210902565845,-0.011098443593779
0.0543411601115379,-0.0110439403502149,0.998461351129463,0.497628124317218
0,0,0,1
0.997767636013064,-0.0370634492504551,-0.0555521849665759,-0.00507144955566173
0.0375735029904125,0.999260508825696,0.00816500915133309,-0.0107367802154389
0.0552084812137699,-0.0102340720669162,0.998422399273473,0.497483194300544
0,0,0,1
0.997763505820446,-0.0370006001370406,-0.0556681420777797,-0.0050543620514447
0.0374558807311473,0.999272651865267,0.00715711064684792,-0.0102853535869723
0.0553628345692948,-0.00922620310073373,0.998423674461297,0.497388131412633
0,0,0,1
0.997777719409543,-0.0367471178603269,-0.0555812196596133,-0.00505739132624685
0.0371369398131535,0.999292193235133,0.00599668580399852,-0.0097609562931096
0.0553215179763278,-0.00804747589476995,0.998436161094198,0.497392070656013
0,0,0,1
0.997793832594852,-0.0365002096355034,-0.0554545068704122,-0.00505761080623384
0.0368162777096794,0.999311053061124,0.00468838196719251,-0.0091731995997514
0.0552451747330031,-0.00671966713690805,0.998450207442659,0.497421374974817
0,0,0,1
0.997842285699984,-0.0360063795863785,-0.0549027640298143,-0.00499401162786896
0.0362417901343671,0.999337609015284,0.00329785619335157,-0.00854059729202252
0.0547476530719658,-0.00528051481364901,0.998486259618236,0.497449956210934
0,0,0,1
0.997899852293659,-0.0352949453551153,-0.0543152982563209,-0.00492659217549924
0.0354303527358728,0.999370974019337,0.00153179393301478,-0.0077017771173688
0.0542270679394092,-0.00345298711567536,0.998522659724192,0.497509168382996
0,0,0,1
0.99792194246007,-0.0350296694208759,-0.0540806713806878,-0.00487428753859045
0.0350543201410385,0.999385286866351,-0.000492985304592109,-0.00675817767271432
0.0540646963939627,-0.00140380031525815,0.998536447981997,0.497619078274076
0,0,0,1
0.997929739339357,-0.0347458405617141,-0.0541198845688195,-0.00479142721007316
0.0346550242163514,0.999395910744918,-0.0026158904601734,-0.00578361234891826
0.0541780826409213,0.000734948974742522,0.99853101865258,0.497762072237001
0,0,0,1
0.997931347025569,-0.0342948079563219,-0.0543773185342327,-0.00466552566443903
0.034085280333456,0.999407515082432,-0.00477623924731605,-0.00480121882587433
0.0545089010008836,0.00291289271976949,0.998509035896861,0.497922322972708
0,0,0,1
0.997929141014005,-0.0339012681031604,-0.0546638229183387,-0.00449583101893902
0.033571417590147,0.999412215433757,-0.00694143809155593,-0.00382627831416936
0.0548670159206588,0.00509192132584286,0.998480687295039,0.498086284154444
0,0,0,1
0.99794971637364,-0.0334802483508603,-0.0545475623665856,-0.0043119831958285
0.0330340232792547,0.999413145174095,-0.00906192911075702,-0.00287091791279815
0.0548189465035354,0.00724142414083362,0.998470052069993,0.498243326945483
0,0,0,1
0.997972667367163,-0.0330271880947133,-0.0544036766646052,-0.00412154027774871
0.0324684717704714,0.99941087499176,-0.0111221081228091,-0.00194685870712333
0.0547389580551236,0.00933315567007123,0.998457079035588,0.498393727337075
0,0,0,1
0.997997107584609,-0.0325568122935202,-0.0542386137916342,-0.00390810347116192
0.0318912049796082,0.999405589474565,-0.01309269918493,-0.00106626373589008
0.0546326303384907,0.0113367411667968,0.998442163573842,0.498534692484273
0,0,0,1
0.998022527752352,-0.0320630269282965,-0.054064742698008,-0.00366516024288132
0.0312975111397614,0.999398342983955,-0.0149471682061141,-0.000241423015898228
0.0545114657229374,0.0132255187089463,0.998425553438821,0.498665347315737
0,0,0,1
0.998049038394527,-0.0315429869899498,-0.053880951471851,-0.00339013701590392
0.0306851448324167,0.999389996613814,-0.0166750278816936,0.000524529204142341
0.0543740640965315,0.014989150742904,0.99840812622576,0.49878567950575
0,0,0,1
0.998076392390907,-0.0310090952113234,-0.0536838054363542,-0.00308058120275891
0.0300672890560119,0.999381011352398,-0.0182634136206795,0.00122669573133762
0.0542169077020765,0.0166141554835892,0.998390953863661,0.498895777700543
0,0,0,1
0.998104442216938,-0.0304536782873439,-0.0534798644873693,-0.00273724807446497
0.0294371528569443,0.999372608388134,-0.0196937460929724,0.0018579831347516
0.0540460586767741,0.0180821205136048,0.998374709444925,0.498993196976665
0,0,0,1
0.9981379771723,-0.029716772407238,-0.0532681139527649,-0.00235308981059154
0.0286358865334109,0.999370527005124,-0.0209412453293857,0.00241196457365182
0.0538568893349212,0.0193768725855417,0.998360642393304,0.499076732206803
0,0,0,1
0.998170006637196,-0.0290441070500825,-0.05303845487535,-0.00193077846513711
0.027909410510421,0.999368095650564,-0.0220107746507419,0.00288520000115699
0.0536442229402383,0.0204902230692662,0.998349862575094,0.499148618687541
0,0,0,1
0.998202255388685,-0.0283613500569042,-0.0528004844664619,-0.00147122463579629
0.0271834056034999,0.99936822887838,-0.0228955359903362,0.00327693046989449
0.0534164749561308,0.0214190786785733,0.998342578112254,0.49920963193337
0,0,0,1
0.998234925457594,-0.0276624295191774,-0.0525530549993866,-0.000968246369393877
0.026452001101251,0.999371699324135,-0.0235902146605442,0.00358553379814178
0.0531725985298012,0.0221584427044791,0.998339460395361,0.499259442852515
0,0,0,1
0.998268363929232,-0.0269356187482041,-0.052294799174537,-0.000420129062373554
0.0257035780648319,0.999379283843896,-0.0240909339447035,0.00380949356440806
0.0529112431598319,0.0227050537615389,0.998341064406832,0.499297366566524
0,0,0,1
0.998299007123701,-0.0262710821715517,-0.0520473113365955,0.000144897159480047
0.0250281808156706,0.999389175678228,-0.0243898688444462,0.00394160719479865
0.0526562678215141,0.0230457323321861,0.998346739204562,0.49932056240274
0,0,0,1
0.998375649103541,-0.0264815090498126,-0.0504459409222117,0.000596735351703896
0.0252727214133464,0.99938152417003,-0.0244511492562592,0.00395942507455954
0.0510622446573391,0.0231365257986842,0.998427437696161,0.499310668402166
0,0,0,1
0.998449210662136,-0.0265470908764552,-0.0489328692614183,0.00115071557343745
0.0253781096312978,0.9993811275676,-0.0243580256436075,0.00391919077122507
0.0495492207779261,0.0230784277564577,0.99850501295316,0.499298260777961
0,0,0,1
0.998518324462679,-0.0264080885102326,-0.047579077055781,0.001782069412313
0.0252844696284971,0.999390600658662,-0.0240649726931803,0.00379349932455134
0.0481855923264396,0.0228263044830657,0.998577542565322,0.499278589162772
0,0,0,1
0.998583411274743,-0.0260492666164555,-0.046396189882821,0.00248356954841739
0.0249760216129894,0.999410302004967,-0.0235636709943257,0.00357697237657895
0.0469826464908636,0.0223714987223957,0.998645155685256,0.499247899945093
0,0,0,1
0.998645299054759,-0.0254746091536234,-0.045371918234752,0.00325499389842775
0.0244565951316678,0.999439657510224,-0.0228527011622891,0.00326800601600216
0.0459286580513363,0.0217120999518088,0.998708737863691,0.499203789280877
0,0,0,1
0.998704598685625,-0.0246862721839133,-0.0444939605996904,0.00409634427966997
0.0237282886982461,0.999477846660519,-0.0219317657817459,0.0028656655035382
0.0450121414691386,0.0208475898010879,0.998768884737529,0.499145015868984
0,0,0,1
0.998749232154558,-0.0237116348535036,-0.0440196506489399,0.00500962732716112
0.0228128818661275,0.9995231768993,-0.0208084420870957,0.00236951119493263
0.0444920632432652,0.0197782004667769,0.998813936173627,0.49907445221816
0,0,0,1
0.998765510920686,-0.0226425555506939,-0.0442127682177359,0.00601723540970273
0.0217979967249735,0.999572367503709,-0.0194917793392111,0.00177875690184089
0.044635205097765,0.0185039671736682,0.99883196868378,0.498993880663583
0,0,0,1
0.998761227438494,-0.0218787935727199,-0.0446914864079759,0.00705123878888545
0.021091080612678,0.999615117175937,-0.0180217599564173,0.00111274010553508
0.0450685797883792,0.0170568433521423,0.998838268795664,0.498905886401638
0,0,0,1
0.998765156547808,-0.0207011621064014,-0.0451621960657077,0.0081839061289257
0.0199823793613531,0.999667297848563,-0.0163094490161689,0.000337689721489468
0.0454847950538628,0.0153868612652657,0.998846523705875,0.498796507030851
0,0,0,1
0.998788599956441,-0.0185552027076371,-0.0455745219342078,0.00943231447045358
0.017918600594044,0.999736646059409,-0.0143374432391186,-0.00053934867342767
0.0458285538698769,0.0135034432039506,0.998858048309085,0.498663169755633
0,0,0,1
0.998806789645756,-0.0160763748362958,-0.0461145002104744,0.0107241915293134
0.0155317323817947,0.999805616009222,-0.0121447719468772,-0.00151335998218638
0.04630078019601,0.011414042603051,0.998862331547595,0.498509741153787
0,0,0,1
0.998820628686175,-0.0134355156705281,-0.0466566032799307,0.0121124638708142
0.0129946983361894,0.999868139777271,-0.00973862790596315,-0.00258286305350479
0.0467812946176705,0.00912085396256088,0.99886351444874,0.49833506624286
0,0,0,1
0.998842478944167,-0.0104765913598823,-0.0469461743931132,0.0135873387343721
0.0101537120661023,0.999923165979682,-0.00711085567617486,-0.00374649837566956
0.0470170648589344,0.006625946773612,0.998872110152949,0.498135036245998
0,0,0,1
0.99886117461585,-0.0072827805867235,-0.047152040803874,0.0151299180440823
0.00708913359177118,0.999965743136091,-0.00427279056388735,-0.00500225389763936
0.047181543318999,0.00393365748514874,0.998878585369026,0.49791345058456
0,0,0,1
0.998872725802027,-0.00389447353803411,-0.0473086749411716,0.0167424857907191
0.00384037761194525,0.999991863960687,-0.00123430637539692,-0.00634662348612392
0.0473130970094492,0.00105123179757267,0.998879555183247,0.497669620455199
0,0,0,1
0.998873273213028,-0.00035617896035872,-0.047455844711047,0.0184266572050492
0.000451177366014416,0.999997915916377,0.00199113080620131,-0.00777452058738608
0.0474550366101977,-0.00201029834880432,0.998871352177483,0.497403852054077
0,0,0,1
0.998859661022697,0.00328520164817746,-0.0476296654591925,0.0201846049768145
-0.00303182914910846,0.99998087289767,0.00539090445327895,-0.00928043653149415
0.0476464646499024,-0.00524035198670649,0.998850515901865,0.497116950276526
0,0,0,1
0.998912440846608,0.00775255674696218,-0.0459764438137297,0.0222537951500587
-0.0074356345400615,0.99994743131085,0.00706016669917603,-0.00986187202264999
0.046028761235325,-0.00671062431660729,0.998917574507738,0.496933010908169
0,0,0,1
0.998960089901273,0.0183427391874204,-0.0417406600755552,0.0247080219443441
-0.0179912566247673,0.999799586177224,0.0087807838439011,-0.0102219175696526
0.0418933582982141,-0.00802068569100061,0.999089893418777,0.497009082016714
0,0,0,1
0.998792435052953,0.0268984874307424,-0.0411113494661818,0.0272000792860033
-0.0264829626120697,0.99959286396391,0.0106188042508,-0.010695949697333
0.0413802413269914,-0.00951723102416262,0.999098142297018,0.497483236962316
0,0,0,1
0.998578504444685,0.0341519083474092,-0.0409220920438716,0.0296462322516104
-0.0336694053081819,0.999355816055917,0.0124227235904947,-0.0112906845161962
0.0413199904067064,-0.0110272422410421,0.999085110649412,0.498098586055949
0,0,0,1
0.99833834808721,0.0405211069194432,-0.040970509302705,0.0319438932841832
-0.0399595452075569,0.999097038387175,0.0144340788684849,-0.011928053312126
0.0415183993586603,-0.0127729315350656,0.999056091886084,0.498641657191104
0,0,0,1
0.998088990880013,0.045997407727413,-0.0412626315990007,0.0340793848934295
-0.0453506916456278,0.998835264275106,0.0164751208718723,-0.0125901292259198
0.0419723843899761,-0.0145723478834998,0.999012495230056,0.499068092389621
0,0,0,1
0.997841953361627,0.0506396527304213,-0.0417978669646664,0.0360431678996864
-0.0499022244962145,0.998582715592914,0.0185021109447246,-0.0132505835573273
0.0426755679725885,-0.0163763759856638,0.998954758839355,0.499370586840724
0,0,0,1
0.997492785865604,0.0549551383225984,-0.0445878337444194,0.0376106659480132
-0.0540851504834925,0.998326079201182,0.0204899020000783,-0.0138875572267569
0.0456392226407712,-0.0180269897303714,0.998795318870692,0.499546313774862
0,0,0,1
0.997202762828539,0.0585050859453507,-0.0465167144761636,0.039100387751022
-0.0575204185960804,0.998096732231721,0.0222331858466708,-0.0144553206897894
0.0477289351616133,-0.0194953334643971,0.998670055985184,0.499536546031793
0,0,0,1
0.997036021731197,0.0613556390637471,-0.0464182822334844,0.0406021157504085
-0.0603155914413544,0.997903029593033,0.0234855904359857,-0.0148893338322824
0.0477619178792878,-0.0206162335096991,0.998645968357338,0.49932742169336
0,0,0,1
0.996976953454606,0.0627130332093657,-0.0458697040109717,0.0418888910342029
-0.0615627921825604,0.997762567109781,0.0260745525980172,-0.0159150005906286
0.0474022879095517,-0.02317186095636,0.998607073858762,0.499015146864844
0,0,0,1
0.996995020772196,0.0631163061828725,-0.0449139226663415,0.0429331752893776
-0.06185833821277,0.997667341378334,0.0288690481422789,-0.0171227323097282
0.0466312614991572,-0.0260039966335281,0.998573641555835,0.498678417186646
0,0,0,1
0.997077649426656,0.0627072492842303,-0.0436344118903855,0.0437307875083381
-0.0613592550982813,0.997616141670662,0.0315765053786119,-0.0183244542273951
0.0455104694284564,-0.0288068527497688,0.998548427672416,0.498434745202954
0,0,0,1
0.997224482265718,0.0614925590102686,-0.041976149850118,0.0442965616834362
-0.0600798932205001,0.997610073443427,0.0341254713493326,-0.019479948860111
0.0439742924955506,-0.031508832897609,0.998535655371878,0.49842264512498
0,0,0,1
0.997435413492854,0.0593228077008781,-0.0400424824008819,0.0446421601658039
-0.0578706468880267,0.99765661577494,0.036500208619325,-0.0205763114133784
0.0421139423362576,-0.0340893163172505,0.998531088336223,0.498578372848612
0,0,0,1
0.99756375979872,0.0573295770193013,-0.0397475123124757,0.0451539369644575
-0.055789271186543,0.997687001534659,0.0388356046593192,-0.0216082361064633
0.0418820051659035,-0.036523507054616,0.998454771672565,0.498776006367263
0,0,0,1
0.997590956285521,0.0571676269433726,-0.0392956278357252,0.0461406646159964
-0.0555506289136031,0.997610473795467,0.0410788291080437,-0.0225656305884859
0.0415501090810073,-0.0387969715731534,0.998382884184273,0.498993677349956
0,0,0,1
0.997635758328438,0.056672557389044,-0.0388730619250498,0.0471220390431616
-0.0549864121379273,0.997554117873407,0.043154100546831,-0.0234625826991339
0.0412236362374942,-0.0409145836199455,0.998311879455797,0.499189284708195
0,0,0,1
0.997702886419465,0.0557640840503265,-0.0384618949129763,0.0480809918043999
-0.0540178025898724,0.99752372387352,0.0450388422682902,-0.024280850901997
0.0408782024266025,-0.0428577558854226,0.998244551864339,0.499359544287728
0,0,0,1
0.997786429938912,0.0545274665008223,-0.0380656751780733,0.0490155482194879
-0.0527299691559511,0.997514955599028,0.0467275476467694,-0.0250165756103188
0.0405190150740776,-0.0446169110682303,0.998182117984567,0.499507762648484
0,0,0,1
0.997885326096331,0.0529698714736078,-0.0376705279719865,0.0499301295651481
-0.0511306844618956,0.997527360147833,0.0482163754646956,-0.0256688759650934
0.040131397534559,-0.0461882936745222,0.998126300855438,0.499637199730954
0,0,0,1
0.99799766965726,0.0511039420356657,-0.0372698063731801,0.0508305702501302
-0.0492327746716409,0.997559719695656,0.0495049445899693,-0.0262382111512348
0.0397087554175456,-0.0475709233580746,0.998078264463289,0.499750331141515
0,0,0,1
0.998062361083033,0.0501152466668468,-0.0368779804339033,0.0516778509097023
-0.0482189706800128,0.997552860863439,0.0506282593985639,-0.026725872605588
0.0393249825927783,-0.0487519418555745,0.998036469228148,0.499849921186366
0,0,0,1
0.998120097091312,0.0492310814065198,-0.0365044162530214,0.0524947881179384
-0.0473161751365315,0.997547054548362,0.0515854003797211,-0.0271370576383265
0.0389544779566908,-0.0497611754828166,0.998001189408956,0.499939400391238
0,0,0,1
0.998178770097302,0.0483154727002714,-0.0361214344231481,0.0532987321664025
-0.0463900970797555,0.997549948366453,0.0523646770926555,-0.0274729924380833
0.0385629591702624,-0.0505936321273394,0.997974540040073,0.500018469240565
0,0,0,1
0.998239616716867,0.0473827853809042,-0.03567266834021,0.0540967753745183
-0.0454580201732405,0.997561405070479,0.0529604712567867,-0.0277331354442782
0.0380950917953049,-0.0512456316514768,0.997959242262803,0.500086316687047
0,0,0,1
0.998300865654833,0.0464374278280364,-0.0351986779513958,0.054886458606359
-0.0445220969710684,0.997581603207115,0.053373474910491,-0.027916194446811
0.0375920804706118,-0.0517156672531442,0.997954069707846,0.500143623047645
0,0,0,1
0.99834544413649,0.0457498901879587,-0.0348327679018624,0.0556484745607188
-0.0438449463774294,0.997598546332253,0.0536167980481552,-0.0280211937698466
0.0372020812465597,-0.0520008452197274,0.997953865290054,0.50019349310653
0,0,0,1
0.99837382101706,0.0453831525944272,-0.0344975791670431,0.056405363221539
-0.0434926106846975,0.997609115280998,0.0537070379381924,-0.0280575347647758
0.0368524941303137,-0.0521193109015846,0.997960656091972,0.5002376769947
0,0,0,1
0.998391861302603,0.0464588219946201,-0.032484906396617,0.0570054180191242
-0.0446760845966497,0.99756234006844,0.0536043388383008,-0.028022539841612
0.0348961136781414,-0.0520668372003771,0.998033719728002,0.500257985535042
0,0,0,1
0.998388232478429,0.0476168025395978,-0.0308800480003416,0.0576797306682859
-0.0459245912605865,0.997518227268162,0.0533696372981085,-0.0279283133271111
0.0333447022200905,-0.0518654642675504,0.998097241981043,0.500280175094992
0,0,0,1
0.998361711455909,0.048812637192952,-0.0298533004724402,0.0584166561934127
-0.0471846769433793,0.997479147148337,0.0529995968472967,-0.0277674349271328
0.0323650947870925,-0.0515041498764546,0.998148197005298,0.500300097710126
0,0,0,1
0.998453927272081,0.0474730891105813,-0.0289147181424479,0.0592925566042063
-0.0459135846837078,0.997570129321912,0.052400189180529,-0.0275365482668637
0.0313320579670469,-0.0509915963170604,0.998207473047857,0.50031008484637
0,0,0,1
0.998550165261958,0.0460090163019175,-0.0279416870329421,0.0602350791672418
-0.044523948047808,0.997673374552829,0.0516280520512558,-0.0272304035552619
0.0302520330813168,-0.0503091256861116,0.998275416088739,0.50030795029784
0,0,0,1
0.99863267556764,0.0444892730665257,-0.0274496606651085,0.061221306982662
-0.0430575768159758,0.997784738707259,0.0507115399255769,-0.0268516015309333
0.0296449720417112,-0.0494602849253736,0.998336043548337,0.500303248923873
0,0,0,1
0.998695853291385,0.0430262824619605,-0.0274832974021542,0.062277929203294
-0.0416255039400573,0.997898695929776,0.0496539030025622,-0.0263995408108573
0.0295619694933869,-0.0484451409240924,0.998388280320095,0.50029604496595
0,0,0,1
0.998760057275546,0.0414740618713913,-0.0275363429459328,0.0633882666117736
-0.0401081936932257,0.998021079508069,0.0484278603307598,-0.0258723954383663
0.0294903507882613,-0.0472633795812032,0.998447040238464,0.500279117041678
0,0,0,1
0.998807721005454,0.0402758722066563,-0.0275860576720188,0.064491526597346
-0.0389476691632416,0.998130516792832,0.0471014916284398,-0.0252993479003084
0.0294315396580189,-0.0459709208616316,0.998509118089811,0.500260243635867
0,0,0,1
0.998848448112084,0.0392361754391094,-0.0276097852398984,0.0656191325864754
-0.037950078986029,0.998236047234923,0.0456572612598543,-0.0246707202272068
0.0293524991957422,-0.044556891023812,0.998575542587168,0.500236931281537
0,0,0,1
0.998918200024671,0.0374218791766107,-0.0276049382966631,0.0668376708470446
-0.0361841353620271,0.99837377646482,0.0440512294434218,-0.0239741877170883
0.0292085262821308,-0.0430047140005098,0.998647814079699,0.500203591792625
0,0,0,1
0.998990663635329,0.0353906492131529,-0.0276614518367381,0.0681506655765345
-0.0342049673876533,0.998522574239682,0.0422219011860865,-0.0231713192226998
0.029114844589216,-0.0412331260278631,0.998725265096721,0.500153130570352
0,0,0,1
0.999058463730795,0.0333299421680942,-0.0277723064028811,0.0695385099854861
-0.0322012687954746,0.998674980905851,0.0401417588137242,-0.0222493445971747
0.0290734300663958,-0.0392096603883419,0.998807958616873,0.500084063862552
0,0,0,1
0.999125535703236,0.031149326404769,-0.0278905605940659,0.0709930277743233
-0.030083721788392,0.998830718357892,0.0378439658072058,-0.0212270190211821
0.0290367627169547,-0.0369718207448253,0.998894364225633,0.499998741337435
0,0,0,1
0.999205978692825,0.0283220111595892,-0.0280227733886334,0.0725358094427752
-0.0273291482803444,0.999006515545741,0.0352008458907937,-0.0200627585860653
0.0289918919490527,-0.0344070571399613,0.998987299528969,0.499894981380013
0,0,0,1
0.999286957393786,0.0251760966522315,-0.0281378915348632,0.0741522711017363
-0.0242630042559721,0.999182572304822,0.0323340969688986,-0.0187922916413665
0.0289289371934902,-0.0316283315980618,0.999080960299604,0.499765285560219
0,0,0,1
0.999362533879535,0.0218265885141874,-0.0282511223088296,0.0758328237085215
-0.0209996444016754,0.999351686997811,0.029244155478189,-0.0174355551640791
0.0288711068869776,-0.0286322497974164,0.999172984752219,0.499615307984569
0,0,0,1
0.99943059436277,0.0182664469684454,-0.028369419571588,0.077567364784148
-0.0175323070076676,0.999510408118328,0.0259145185971698,-0.0159764163397404
0.028828896313746,-0.0254023813506361,0.999261534213665,0.499444687544511
0,0,0,1
0.999488884715847,0.0144698493899752,-0.0285060131920423,0.0793453987883583
-0.0138340939118997,0.999653931328067,0.0223748838204069,-0.0144199369882194
0.0288199093529143,-0.0219690928117526,0.999343170180253,0.499254168986724
0,0,0,1
0.999534218311665,0.0104306443474787,-0.0286800990686089,0.0811599062665389
-0.00989646978675547,0.999776074696112,0.0187045542848546,-0.0127947568959402
0.0288687774221328,-0.0184120103120666,0.999413623864724,0.49904621772387
0,0,0,1
0.999563983126246,0.00624478050865969,-0.0288590774834145,0.0829769389482074
-0.00581339379830061,0.999870476112424,0.0150078463231976,-0.0111434968150681
0.028949060249703,-0.0148335334668952,0.999470819081551,0.498956038377475
0,0,0,1
0.99959014923067,-0.00226017195805663,-0.0285381356035613,0.0853965488308213
0.00263239223649226,0.999911874229277,0.0130120823240367,-0.0103459287918743
0.0285062111147815,-0.0130818728786924,0.999508009237477,0.499142314369679
0,0,0,1
0.999438690001429,-0.014454112177461,-0.0302222363399738,0.0882480897020822
0.014788451942651,0.999831573457507,0.0108685972704008,-0.00971001014543376
0.0300600501890427,-0.0113094367077956,0.999484111941748,0.499441741204531
0,0,0,1
0.999191994072815,-0.0242468606101024,-0.0320538411324899,0.091089706243661
0.0245352828986877,0.999661666725346,0.00863550652741449,-0.00900655234707254
0.0318336123283865,-0.00941497904713133,0.999448837757925,0.499717095539889
0,0,0,1
0.998845725254856,-0.0330378963310305,-0.034867098332388,0.093555384497696
0.0332765408009279,0.999426412761923,0.00628627919834252,-0.00825295915350124
0.034639413569293,-0.00743927952529066,0.999372186999278,0.499882877527164
0,0,0,1
0.998450782077795,-0.0398024448709587,-0.0388818871781363,0.0956475757558725
0.0399829087348391,0.999192851863204,0.0038745057207184,-0.00747144224790018
0.0386962889349943,-0.0054231142134979,0.999236301910057,0.499925191336817
0,0,0,1
0.998172871353881,-0.0447833643644968,-0.0405631503873379,0.0976451876956049
0.0448853401674018,0.998990853796076,0.00160632183692592,-0.00669007992957618
0.0404502797419956,-0.00342407768367997,0.999175685533235,0.499810074913666
0,0,0,1
0.997949338571332,-0.0487551365314514,-0.041473537428587,0.0994341579261498
0.0488108725536,0.998807983883948,0.000331738208074422,-0.00564561800197166
0.0414079263619551,-0.00235541747510041,0.999139547632322,0.499556753407188
0,0,0,1
0.997783033799093,-0.0517737686264539,-0.0418150014336179,0.101074948637515
0.0518146949516294,0.998656710949725,-0.000105176745293446,-0.00456835015520906
0.0417642771965306,-0.00206168797168086,0.999125364803116,0.499183414694333
0,0,0,1
0.997614074135565,-0.0540201738555593,-0.0429881367734754,0.102433202994622
0.0541041290184067,0.998534985574148,0.000791080018525813,-0.00350175525521175
0.0428824242528274,-0.00311502825850181,0.999075269581401,0.498680297969266
0,0,0,1
0.99747898814568,-0.0554365532435622,-0.0442996249684455,0.103511901362029
0.0554377372709,0.998461421719251,-0.00120275710588091,-0.00274649332196512
0.0442981432359629,-0.00125614602924098,0.999017565712935,0.498105108097406
0,0,0,1
0.997434662363476,-0.0563426201628015,-0.0441543142744674,0.104494220691119
0.0562194593630807,0.99841031371502,-0.00402713997757958,-0.00155983731301787
0.0443110223847418,0.00153447732676946,0.999016605805205,0.497588502771342
0,0,0,1
0.997399457095407,-0.0568201288339756,-0.04433729744896,0.10519857907363
0.0565684249091509,0.998374796752016,-0.00691220034931406,-0.000328725584855106
0.0446579924435133,0.00438613379432433,0.998992705449471,0.497169863909765
0,0,0,1
0.997456172427103,-0.0570174579296759,-0.0427807617780532,0.105732846534236
0.0566555957196421,0.998347387729401,-0.00962480584397943,0.000879374175803031
0.0432588437284835,0.00717655245361406,0.999038122162591,0.497228109467562
0,0,0,1
0.99754791703874,-0.0568665484582261,-0.0407964321739079,0.106035543949114
0.0564111549691446,0.998332724706944,-0.0122291608156769,0.00205646874909598
0.0414238434566277,0.00989780004125978,0.999092637720659,0.497426611284262
0,0,0,1
0.997665054175372,-0.0564900481650716,-0.0383837743787607,0.106127253258567
0.0559608383660324,0.998324368789144,-0.0147254626795965,0.00320651414796808
0.0391512994244446,0.012543091328109,0.99915456592727,0.497595498716959
0,0,0,1
0.99780070225756,-0.05589981833911,-0.0356225895181079,0.106002817202533
0.0553199760197787,0.998322904424093,-0.0170610303151608,0.0042891143065878
0.0365165555261202,0.0150528672318008,0.999219671724196,0.49772247894911
0,0,0,1
0.997972574319682,-0.0551516523957422,-0.031765329272132,0.105813615095052
0.0545613443967676,0.998326570263028,-0.0191603445813818,0.00529105392309036
0.0327688968896583,0.0173883393364403,0.999311685637547,0.49781015330758
0,0,0,1
0.998167277857294,-0.0543653379997392,-0.0265799819249935,0.105607714704303
0.0538144372246042,0.998329680871261,-0.0210203386672365,0.00621668808622906
0.027678362689256,0.0195514274583802,0.999425660028389,0.497872060251827
0,0,0,1
0.998352227577967,-0.0534357906555693,-0.0209152089906959,0.105267269564091
0.0529598893537632,0.998338996719623,-0.0226825428136849,0.00706268773294889
0.0220925283692806,0.0215374999912169,0.999523914813638,0.497900225855981
0,0,0,1
0.998345550621129,-0.0538044938235686,-0.0202790039051462,0.104980335119026
0.0533037010547565,0.998278339500789,-0.0244759542697108,0.00782798977229416
0.02156100667549,0.0233545140805238,0.999494717176235,0.497979990064664
0,0,0,1
0.99819824078017,-0.056857283255094,-0.019170848813353,0.105439059138311
0.0563485656896279,0.998069765064886,-0.0261071486004465,0.00852116150580412
0.0206182261141961,0.0249798599710671,0.99947531002408,0.498130508922691
0,0,0,1
0.997999090945213,-0.0606230621382267,-0.0179627060743327,0.106027135486692
0.0601156361428346,0.997810954360163,-0.0275573883015668,0.00913934582764246
0.0195939981542941,0.0264224089712827,0.999458819331984,0.498292076510195
0,0,0,1
0.998093337688328,-0.0593839317720526,-0.0168296734806564,0.106843669591185
0.0588848037165031,0.997850831910156,-0.0287453848031042,0.00967359578179836
0.0185005176533583,0.0276995650417444,0.999445078502594,0.498438049219063
0,0,0,1
0.998194119959673,-0.0579853323725284,-0.0156907650413037,0.107701908827108
0.0575010232030762,0.997902596702214,-0.029732807226648,0.0101196360185006
0.0173819218883668,0.0287768782988204,0.99943472026283,0.498564964407743
0,0,0,1
0.998297520407874,-0.0564862150372783,-0.0145385094921638,0.108555828428009
0.0560225044031316,0.997962353820057,-0.0305388172385883,0.0104874322486668
0.016233907351358,0.0296723418134322,0.99942784250961,0.498676621716554
0,0,0,1
0.998403378697154,-0.0548853072263992,-0.0133527696292347,0.10940568104794
0.0544480052720618,0.998030181505182,-0.0311636250559493,0.0107787106811477
0.0150368922321461,0.0303868368771419,0.999425100753729,0.498774208871308
0,0,0,1
0.998510312538992,-0.0531971764095677,-0.0121332672983684,0.110254425235098
0.052791514011327,0.998105202499077,-0.031607922941378,0.0109935109356733
0.0137917294664659,0.0309203034643187,0.999426697177936,0.498858861676431
0,0,0,1
0.998617091955639,-0.0514398348429635,-0.0108557379017103,0.111107736808143
0.0510712709349045,0.998186559708954,-0.0318640440229382,0.0111294051823921
0.0124751328311792,0.0312655626485564,0.999433257227872,0.498931859198702
0,0,0,1
0.998701244118081,-0.0500456904081978,-0.00955268907504333,0.111937992180269
0.0497175703918867,0.998252123105135,-0.0319509297269693,0.0111903025075717
0.0111349984878952,0.0314344967775334,0.999443787424294,0.498995236847203
0,0,0,1
0.998736144346816,-0.0493539357393782,-0.00950278918472086,0.112766190075191
0.0490277214930706,0.998286315323829,-0.0319486331846952,0.011184053920184
0.0110632951896725,0.0314423546224774,0.999444336536728,0.499068009751942
0,0,0,1
0.99873656348377,-0.0493492416057515,-0.00948309620152341,0.113609543009157
0.0490253472528689,0.99829134122413,-0.0317948637937614,0.0111129988460903
0.0110359452411565,0.0312897809175038,0.999449427196178,0.499132014073084
0,0,0,1
0.998752294219064,-0.0490358827625314,-0.00945182489547273,0.114482516379341
0.0487165139945892,0.998316282661985,-0.0314849334788971,0.0109780748347691
0.0109798022008777,0.0309851895855884,0.999459534933744,0.499188032541403
0,0,0,1
0.998813277472031,-0.0477794579882911,-0.00944246471666646,0.115433134236335
0.0474661317701457,0.998391420534584,-0.0310086719759833,0.0107743024268894
0.0109088533017695,0.0305236760119107,0.999474512992883,0.499236056036571
0,0,0,1
0.998874292523555,-0.0464874125733715,-0.00943759544586711,0.116419856323678
0.0461816812974106,0.998471197405278,-0.0303730186944636,0.0105020962031348
0.0108351302766097,0.0299029835351421,0.999494077785149,0.499275543403928
0,0,0,1
0.998935906261946,-0.0451425620385296,-0.00944480138606376,0.117442057548432
0.0448457343481886,0.998555953764775,-0.0295781559886895,0.0101607662657917
0.0107663963978845,0.0291231230041879,0.999517847972255,0.499306601558788
0,0,0,1
0.998998959100112,-0.0437329567687154,-0.00940788016284205,0.11848680273904
0.0434476862001153,0.998644922888697,-0.0286464055770486,0.00976312464224962
0.0106479237764476,0.0282089787283078,0.99954533425871,0.49932911362342
0,0,0,1
0.999063306801418,-0.0422446819656924,-0.00937527858962883,0.119574314390564
0.0419725599011238,0.998739190768534,-0.0275378473806609,0.00928540112381575
0.0105267857564513,0.0271185484241229,0.999576796005693,0.499343332774184
0,0,0,1
0.999129123336826,-0.0406609852286166,-0.00936371616525153,0.120718551801867
0.040403124987904,0.99883852589131,-0.0262523653503255,0.00872621427727603
0.0104202874910903,0.0258511793834129,0.999611491597155,0.499345675972619
0,0,0,1
0.999196571898166,-0.0389702733687988,-0.00935566675943335,0.121908220294407
0.0387281587506571,0.998942037476321,-0.0247978927016226,0.00808994371180654
0.0103121494721702,0.0244156416302823,0.999648706304893,0.49933934503488
0,0,0,1
0.999269918114838,-0.0370347095094581,-0.00938408452197438,0.123171659151974
0.0368092331901734,0.999053953843201,-0.0231576696197788,0.00736549430358372
0.0102328443121618,0.0227953416692411,0.999687781907664,0.499321562014891
0,0,0,1
0.999346204745653,-0.0348890685972671,-0.00948240227339435,0.124526998519451
0.0346807405438783,0.999171186469348,-0.0213116485698322,0.00654121178764145
0.0102180866989608,0.0209688583821587,0.999727911825193,0.499288832971058
0,0,0,1
0.999423429982049,-0.0325674529522351,-0.00960044848534957,0.125943537397046
0.0323779142845561,0.999289764869491,-0.0192778757558924,0.00562950707695541
0.0102214612212657,0.0189559182125699,0.999768070551976,0.499241562370026
0,0,0,1
0.999500924505733,-0.0300544205947005,-0.0097279861689069,0.127418803261834
0.0298856224101964,0.999407805061041,-0.0170554611848379,0.00463025097397933
0.0102348173086171,0.0167562223006616,0.999807220182406,0.49917921804054
0,0,0,1
0.999577403710656,-0.0273454265703943,-0.00986111741883574,0.128954400137375
0.0271995290432553,0.999522847928592,-0.0146376940991846,0.00354090105126812
0.0102566861553821,0.0143632905143412,0.999844236006144,0.499100588519008
0,0,0,1
0.999641306392356,-0.0248571321742337,-0.00996902875187899,0.130513586530783
0.024736801659395,0.999621765073738,-0.0120173805186185,0.00235748331443444
0.0102639757329635,0.0117664680740737,0.99987809308496,0.499001761869358
0,0,0,1
0.999714665945784,-0.0216573491459844,-0.0100769995970034,0.132156065403025
0.0215650207310571,0.999725278183738,-0.0091824855740255,0.00107907441959582
0.0102730995214762,0.00896255479297267,0.999907063700325,0.498886432574051
0,0,0,1
0.999778541445477,-0.0184116507767571,-0.0101921136586281,0.133847317974925
0.0183497407876771,0.999812807740116,-0.00613485874745199,-0.00029615862991768
0.0103031586506622,0.00594647748678724,0.999929239660146,0.498749132130235
0,0,0,1
0.999832823046493,-0.015101498815698,-0.0103087677439723,0.135571004596751
0.0150723676170642,0.999882206491131,-0.00289773650366234,-0.00176015380686182
0.0103513136024259,0.00274187453178552,0.999942664571702,0.498590439116467
0,0,0,1
0.999876750275483,-0.011730786567915,-0.0104342179888225,0.137314991369122
0.0117365411535467,0.999931004151305,0.000490447463180877,-0.00329969580908839
0.0104277447365835,-0.000612848644497022,0.999945441789825,0.498412422778847
0,0,0,1
0.999905736233171,-0.00878756910271337,-0.010549752474093,0.139025688797379
0.00882994398177754,0.99995310734333,0.00397683337571014,-0.00488955075156223
0.0105143110700732,-0.00406961222778396,0.999936441739692,0.498257782028172
0,0,0,1
0.9999596702338,-0.000197465112081077,-0.0089788035639788,0.141424919166813
0.000250385239392604,0.999982603875308,0.00589315314496626,-0.00560351261807712
0.00897748367544614,-0.00589516363535756,0.999942324253039,0.498257966329033
0,0,0,1
0.999883117201691,0.0129775902693126,-0.00808295031724768,0.144292081006407
-0.0129156885466461,0.999887217714295,0.00766399640737585,-0.00615790483682975
0.00818149890883606,-0.00755870374919394,0.9999379626123,0.498466668039845
0,0,0,1
0.999690267691255,0.0236019342768873,-0.00789413591064862,0.147188478370292
-0.0235258372250304,0.999677159220249,0.0095975161471336,-0.00681668563472404
0.0081181073069818,-0.00940882732983293,0.999922782169718,0.498726447520912
0,0,0,1
0.99945159321735,0.0321506759835197,-0.00792760046318778,0.149883235891293
-0.0320562910082484,0.999416894544873,0.0117586183319536,-0.00760165116356801
0.00830102536411616,-0.0114980403584606,0.999899438966649,0.498991773953848
0,0,0,1
0.999208530039522,0.0389654280983865,-0.00800055681604654,0.152283902179272
-0.0388499594307337,0.999145378476415,0.0141135864135028,-0.00849204232341446
0.00854366130459662,-0.0137915946260952,0.999868390224025,0.499213975267172
0,0,0,1
0.998973013048021,0.0446058023873069,-0.00795245843392426,0.154525472359114
-0.0444693864133137,0.998873211383341,0.0165765271620785,-0.00946731350105786
0.00868290698914593,-0.01620586233794,0.999830974291206,0.499357003826281
0,0,0,1
0.998763224714849,0.0490902964373258,-0.00788439933608248,0.156588732956343
-0.0489324631479569,0.99861947492802,0.0190986477207026,-0.0105015354896554
0.0088110730032829,-0.0186892239052652,0.999786516163501,0.499356509397743
0,0,0,1
0.998585982028897,0.052538447454801,-0.00810851616651095,0.158365720681793
-0.0523525636561939,0.998393994149928,0.0216481298032268,-0.0115624587143417
0.00923285297227371,-0.0211930173498797,0.999732769514734,0.499174349298702
0,0,0,1
0.998446251348109,0.0550571557970779,-0.00859027150014447,0.159814691556189
-0.0548347294948012,0.998200290741031,0.0242761612647589,-0.0126552204742299
0.00991138790189744,-0.0237673969979233,0.999668382629861,0.499054462690832
0,0,0,1
0.998339755165062,0.0568652617742407,-0.00916925625725767,0.160900023889477
-0.056597448628991,0.998026112439075,0.0272141084446345,-0.0138909844900307
0.0106986945770452,-0.0266499698516656,0.999587573472806,0.499229589670869
0,0,0,1
0.998282032062126,0.0580707339973938,-0.00779578828058578,0.161855036494607
-0.057812400623364,0.997875118412336,0.030049532238119,-0.0151414577619201
0.00952422154695294,-0.0295472148699337,0.999518009491252,0.499416453754858
0,0,0,1
0.99825249832602,0.0587784744123536,-0.00608609329665934,0.162460628408814
-0.0585484376526189,0.997744697415313,0.0328268065468386,-0.0163801406633405
0.00800187692336938,-0.0324131103935191,0.999442524730823,0.499584505560698
0,0,0,1
0.998234707032538,0.0591049813429823,-0.00583702459378461,0.162658555583385
-0.0588609463667257,0.997630596427921,0.0356171596802072,-0.0175896050446683
0.00792834588525046,-0.0352107121671468,0.999348461288757,0.499734932998842
0,0,0,1
0.998145592328451,0.0606577438467586,-0.00510045357855965,0.162948447484087
-0.0604194000056947,0.997439907741742,0.0382508372078019,-0.0187353350110179
0.00740760543211444,-0.0378717382168672,0.999255152013836,0.499881941442444
0,0,0,1
0.997893217517631,0.0647437485121241,-0.00416814837894513,0.163773221110459
-0.0645208208579322,0.997082714585089,0.0407814167415521,-0.0198459161576966
0.00679633048995521,-0.0404265668122876,0.99915939798795,0.500108479577439
0,0,0,1
0.997638392229979,0.0686158849578283,-0.00308199290022398,0.164530267608606
-0.0684194664323739,0.996721911894059,0.0431764630714474,-0.0209050997418735
0.00603448107895148,-0.0428636288909942,0.99906270791998,0.500325110696598
0,0,0,1
0.997386057339503,0.0722330662232275,-0.00185385240823938,0.165207949732314
-0.072074746920632,0.99636527494772,0.045403411046755,-0.0218965016297549
0.00512674176134855,-0.0451511131905358,0.998967013217438,0.500518096032616
0,0,0,1
0.997282546890677,0.0736696582940384,-0.000550557975711514,0.165887901077335
-0.0735606225319348,0.996161140069936,0.0474533226158129,-0.0228113901345548
0.00404431452278309,-0.0472838710492895,0.99887330480829,0.50068704250355
0,0,0,1
0.997365927216666,0.0725296338737432,0.000812057498874552,0.166631910593312
-0.0724813654346649,0.996150100556774,0.0493095206370499,-0.0236351506317975
