0,0,0
0,0,0
0,0,0
1,-6.03049689326342e-16,-7.40729655677285e-14
6.03049689326342e-16,1,-1.16452042332818e-14
7.40729655677285e-14,1.16452042332818e-14,1
0.999982297885048,-0.00466946510004113,0.00368781943943873
0.00526958412863121,0.982828267706365,-0.184447357477456
-0.00276322269274163,0.184463525643919,0.982835475706573
0.999979177719521,-0.00444140726831716,0.00468166945312656
0.00523186273514315,0.982677324060012,-0.185250922779279
-0.00377779561543756,0.185271559284555,0.982680099310329
0.999976987890771,-0.00426131915150484,0.0052787165097865
0.0051689813534185,0.982531023950269,-0.186027064178857
-0.00439378204622013,0.186050068890946,0.982530440518259
0.999974951624522,-0.00419839584282555,0.00569820988390822
0.00518771204238518,0.982433957096661,-0.18653848821935
-0.00481495247114818,0.186563376405291,0.982431128790695
0.999973260725858,-0.00416026859061733,0.00601414986085808
0.00521210813362485,0.982327885158357,-0.187095590458766
-0.00512949920541353,0.187121934057888,0.982323302193497
0.999969741201507,-0.00407476083773523,0.00662668887962504
0.00524764176107704,0.982167490263194,-0.187934784768669
-0.00574272908463277,0.187963872577189,0.982159153940158
0.999965388314912,-0.00400474602411185,0.00729274855516365
0.00531052708194281,0.981977406918561,-0.188923716360891
-0.00640472281355197,0.188955905731418,0.981964686338007
0.999960308703537,-0.00392909866094857,0.00799644928952305
0.00537726198327337,0.98176255737849,-0.190035170384878
-0.0071039475709372,0.190070626645358,0.981744717742627
0.999953871390984,-0.00380625702725944,0.008818588187865
0.00542042822504687,0.981582276103691,-0.190962965511523
-0.00792931573604111,0.191001957179868,0.981557628621681
0.999947520286574,-0.00357989137755862,0.00959901299383737
0.00536937386528129,0.981096597579407,-0.193444141918035
-0.00872504997268276,0.193485530714405,0.981064331686327
0.999940869192371,-0.00341457049662463,0.0103246708000806
0.00538739685739228,0.980273590955071,-0.197571918123887
-0.00944637887803662,0.197615858635826,0.980234022232303
0.999933846092615,-0.00306493422231289,0.0110864609611165
0.00525245434596373,0.979155125796591,-0.203045934087845
-0.0102330426449337,0.203090732935983,0.97910644928616
0.999937205984899,-0.00293088665120326,0.0108163760359532
0.00510471685896919,0.978368295400574,-0.20680768946237
-0.00997626948829575,0.206849917714299,0.978321821073559
0.999937531296191,-0.00283598945733526,0.0108115988214556
0.00505488890460531,0.977447105668454,-0.211119879969948
-0.00996903222185161,0.211161343015621,0.977400381426362
0.999937676941509,-0.0031638234269733,0.0107066546661891
0.0053939741702624,0.976556905885777,-0.215191808880934
-0.00977482866697085,0.215236148887961,0.976513109454456
0.999950894484226,-0.00339286622171561,0.00931112662347957
0.00534202699938247,0.975915208848693,-0.218084772245453
-0.00834693762614755,0.218123803370046,0.975885410811972
0.999958488054553,-0.00358757034783926,0.00837564962568189
0.00535333621668278,0.975160579419345,-0.221434383368706
-0.00737319191422773,0.221470028865143,0.975139304076843
0.999965881967927,-0.0034659349744154,0.00749814609477347
0.00506581060871674,0.974292590087929,-0.225229408520802
-0.0065247576952754,0.225259708324651,0.974276906912255
0.999971326121206,-0.00332466440188563,0.00680393577364653
0.00478927101793163,0.973619068309125,-0.228129289456632
-0.00586598828108893,0.228155333997445,0.973607073592833
0.999971010422145,-0.0031174770379778,0.00694691674288725
0.004638086051498,0.972939355022567,-0.23101406798299
-0.00603874764283338,0.231039591380327,0.972925609048152
0.999981037812417,-0.00301641080669798,0.00536891808911055
0.00418384589930993,0.972496270875785,-0.2328808677547
-0.00451878845412907,0.232898914549932,0.972490450417057
0.99998427303783,-0.00256419650016125,0.00498784255070255
0.00365884059096806,0.972304551433183,-0.233688836164345
-0.00425047791806082,0.233703410669645,0.972298642022524
0.999983694759434,-0.00249879626950241,0.00513480598213658
0.00362832716558421,0.972371941472169,-0.233408745936445
-0.00440970035831783,0.233423570906728,0.97236515316413
0.999976805207545,-0.00276988970260738,0.00622227916021381
0.00413772906877188,0.972716707636878,-0.231959233233399
-0.00541001340716284,0.231979599092481,0.972705606727866
0.999970535057427,-0.00223874512944829,0.00734282215560246
0.00386377731436516,0.973317841711734,-0.229428529678585
-0.00663326780918968,0.229450140609802,0.973297812970066
0.999967805270019,-0.00188398207488769,0.00779993814100274
0.00360378780468232,0.973941951338925,-0.226768798858189
-0.00716945862117848,0.226789607419891,0.97391738501241
0.99995800861552,-0.0012226373895708,0.00908218935593025
0.00321980113345173,0.974748248768719,-0.223283417214481
-0.00857985351532136,0.223303284078243,0.974711254389487
0.999936763011505,-0.000521696818069211,0.0112337798849711
0.00299514609315932,0.97519787442843,-0.221314560773015
-0.010839699163473,0.221334212318615,0.975137768409851
0.999889083636781,0.000499000476801165,0.0148852753592931
0.00276027437407473,0.975915437150833,-0.218131704289127
-0.0146356178338208,0.21814859735791,0.975805814781506
0.999791880112148,0.00224625862713558,0.0202768534047241
0.00216838520314955,0.976589031421346,-0.21510267737322
-0.0202853288715617,0.215101878257018,0.97638091306768
0.999757398767351,0.00239610072645333,0.0218952577342226
0.00234073077412905,0.976878096764896,-0.213784248812765
-0.0219012462974688,0.213783635394068,0.976635496307765
0.999746578124646,0.00246208187476072,0.0223767218533993
0.00231316028543199,0.977504711446916,-0.21090089707864
-0.0223926063145031,0.210899211122098,0.977251295179761
0.999756657199066,0.0022351891431339,0.0219460774546032
0.00237934899218146,0.978123253963496,-0.208012592778022
-0.0219309161806439,0.20801419178834,0.977879916416183
0.999569188860703,0.00348771148862968,0.0291422811208861
0.00263095033138551,0.978269917118305,-0.207318709627711
-0.0292320847821441,0.207306066312391,0.977839291545074
0.999696616462386,0.00246466077509492,0.0245071516280838
0.00265137639196777,0.978431408989502,-0.206554951782926
-0.0244876547853464,0.206557264094203,0.978128034263936
0.99978431012816,-0.000133287982531002,0.0207681355897364
0.00436930464332644,0.978949292137469,-0.204056836691354
-0.0203037533105031,0.204103566009666,0.978738725065911
0.999878251453675,-0.00177076064936628,0.0155031182883993
0.00485977204362381,0.979464448365787,-0.201558371205932
-0.0148278415700147,0.201609173388085,0.979353805486121
0.999917115583168,-0.00272486188968271,0.0125832067264477
0.00517657318572144,0.979956097443385,-0.199146303439418
-0.0117883439842598,0.199194935204723,0.97988897980072
0.999975969458203,-0.00372474077019269,0.00584694897545557
0.00480116867932253,0.980490142606983,-0.196509615616769
-0.00500092845773751,0.196532965572528,0.980484464006354
0.999980038280192,-0.00311641478312414,-0.00549645340615991
0.00199692375397871,0.981192971060438,-0.193019081536288
0.00599460896701003,0.193004252545095,0.981179608003979
0.999997561362993,0.000770182283130898,0.0020698036905985
-0.000362406187072147,0.981741728889146,-0.190218417666394
-0.00217851550888116,0.190217203683058,0.981739613896259
0.999913862159993,0.00528237697758308,0.01201518846103
-0.00297836967150831,0.982874839152881,-0.18425031851885
-0.0127827060666827,0.184198661921482,0.982805909308623
0.999933149042174,0.00319163930781909,0.0111135451198134
-0.00119317918407571,0.984500454840309,-0.175377965385219
-0.0115010334333934,0.175352980749553,0.984438448239508
0.999940416828598,-0.000138895375107255,0.0109152874778549
0.001924514960626,0.986499966142067,-0.163750154332344
-0.0107451865882249,0.163761404212882,0.986441454651724
0.999952785222693,-0.00148197531163813,0.00960370108626245
0.00289285056534034,0.988891732897969,-0.148609461413663
-0.00927678505653729,0.148630226923153,0.988849329728137
0.999971194057735,-0.000759288961073175,0.00755212122655671
0.00173613635003992,0.991486660634035,-0.130196726592277
-0.00738897051835275,0.130206087665069,0.991459418155698
0.999973662597182,-0.000570111506905609,0.00723526674327505
0.00135014831811064,0.994120747700576,-0.108268721664051
-0.00713100354057907,0.108275638830341,0.994095334877086
0.999980133313703,-0.000253689762264312,0.00629830289949777
0.000791721644942605,0.996331833495571,-0.085570150988478
-0.00625349140450589,0.0855734374958639,0.996312240535263
0.999984981085438,0.000222928417135218,0.00547612148128996
0.000120981179159795,0.998031080576168,-0.0627211891430672
-0.00547932177475469,0.0627209096465202,0.998016064262496
0.99998919814298,0.0008177548941654,0.00457546437999679
-0.000638285359386695,0.999235521040472,-0.039089206729959
-0.00460393192386068,0.0390858640420108,0.999225249402221
0.99999184489163,0.00152986284428919,0.00373760216068161
-0.00147369299436527,0.99988663073046,-0.0149851231375116
-0.00376010361456,0.0149794928540886,0.999880731094785
0.999981664168402,0.00239193482314133,0.00556327015303173
-0.00244176432567967,0.999956810881774,0.00896739416610591
-0.00554158045792064,-0.00898081393607038,0.999944316383204
0.999907725522645,0.00331036970673537,0.0131750481037489
-0.00369058639464843,0.99957433883174,0.028939950261784
-0.0130736380627201,-0.0289859034962795,0.999494320837447
0.999794415319454,0.0037931751859122,0.0199183061036648
-0.00469242039759693,0.998962597834839,0.0452957980157269
-0.0197258279127272,-0.0453799509594082,0.9987750256009
0.999728424303685,0.00386066387251327,0.0229820128303437
-0.00519202361838388,0.99829402130246,0.0581557385174441
-0.0227182862473549,-0.0582592679856747,0.998042953566507
0.999716817204594,0.00417988980448358,0.0234267778309086
-0.00580245882130219,0.99755620707545,0.0696271871963066
-0.0230784936671237,-0.0697434028884797,0.997297969958624
0.999719881352576,0.00418255167835265,0.0232951731019317
-0.00600013710389575,0.996895316325233,0.078509404809539
-0.0228944793154487,-0.0786271870937242,0.996641163241115
0.999751807862602,0.00414237929897661,0.0218898005747712
-0.00604047456645264,0.99615761264508,0.0873700374056581
-0.021443771647541,-0.0874805776329664,0.995935396094812
0.999773023576445,0.00415255298995769,0.0208963545260513
-0.00610769162946849,0.995516731802075,0.0943882026795486
-0.0204107185510984,-0.0944944072725037,0.995316135487839
0.999801112701354,0.00403270638532244,0.0195313164006817
-0.00598991693082549,0.994846865630474,0.101211831523705
-0.0190225113035995,-0.101308692738732,0.994673158801057
0.999839056103347,0.00394648099315246,0.0175010622002758
-0.00581079430713223,0.994156709150003,0.107789945363921
-0.016973407433024,-0.107874292302696,0.994019637884637
0.999874985087538,0.0038995346945682,0.0153234403891934
-0.00563495863778294,0.993361509650475,0.114896294048501
-0.0147736737931287,-0.11496827725114,0.993259298365014
0.999917783647887,0.0032147273977842,0.0124133586291246
-0.00469022232662587,0.992674355627973,0.120729555176497
-0.011934310169597,-0.120777850644669,0.992607819349833
0.999965995575931,0.00149579289751652,0.00810988874427826
-0.00249026467104654,0.992274206495518,0.124039097487681
-0.00786169661745921,-0.124055075379035,0.992244189702816
0.999978938076372,-0.000848576875637602,0.00643454123760168
2.77392541173113e-05,0.991965597492483,0.126507915254003
-0.00649019523481724,-0.126505072264579,0.991944728327717
0.99997790590734,-0.000939910749414403,0.00658059761383174
7.22405062285517e-05,0.991431295667568,0.13062917266919
-0.00664699018212698,-0.130625811150442,0.991409458792283
0.999964393067929,-0.00118288198701648,0.00835544053259775
5.27936636343704e-05,0.990984614767361,0.133975708646061
-0.00843859046986317,-0.133970497067787,0.990949391294173
0.99993236584777,-0.00149506973293654,0.0115337980116954
-9.42389140214277e-05,0.990628970601183,0.1365805027252
-0.0116299118271815,-0.136572352151286,0.990561829356834
0.99992392290275,-0.00165614363351011,0.0122231581451063
-5.17490769955929e-05,0.990373431110749,0.138421328818776
-0.0123347366736434,-0.138411430663034,0.990298000671012
0.999905866392556,-0.00186531861452772,0.0135933417605154
-5.2500500668965e-05,0.990188448194831,0.139738449630767
-0.0137206267148882,-0.139726009203652,0.990095140253992
0.999873039948114,-0.00218688268903686,0.0157835841627412
-5.26764979345827e-05,0.990078326881429,0.140516560820622
-0.0159342778344206,-0.140499552254708,0.989952511288356
0.999823869921967,-0.000338174798477685,0.0187647214758776
-0.00233753940647334,0.98980827680093,0.142387187225171
-0.0186216283870335,-0.142405971834675,0.989633151294982
0.99977374411205,0.00387801958353994,0.020914625224549
-0.00685098837900776,0.989552380501555,0.144010937785766
-0.0201376399412732,-0.144121640317527,0.989355056716132
0.999731942956589,0.00686508175946026,0.0221113745542987
-0.0100106685863871,0.989313858451761,0.145457471412585
-0.0208765118422136,-0.145639830155508,0.989117389962171
0.999764469615248,0.00685311123921225,0.0205922354611103
-0.0097707887475619,0.989366502935999,0.14511531468264
-0.01937877659176,-0.14528233799927,0.989200437365084
0.999800084252688,0.00684809685811473,0.0187855023286582
-0.00949800789654571,0.989412425291615,0.144820028050548
-0.0175948678402339,-0.144969501095872,0.989279669445248
0.999832716445795,0.00691149195828474,0.016934296664861
-0.00928157433074184,0.98951290114301,0.144146005319217
-0.0157604410650804,-0.144279068996356,0.989411521434322
0.99986548334743,0.00698685761905858,0.0148391047917688
-0.00904618975731481,0.989595286277379,0.143594344695277
-0.0136814349132225,-0.143709266222476,0.9895253736719
0.99990252086739,0.0062034720143964,0.0125086249446594
-0.00793018225601001,0.989676528711782,0.143099548309501
-0.0114917784709774,-0.143184794765238,0.989629250565893
0.999941467381765,0.00192920642279917,0.0106461247869805
-0.00342961214763596,0.989749502587585,0.142773106319589
-0.0102615579186846,-0.142801261514757,0.989698186387585
0.999747285476352,-0.0015612081245528,0.0224260520791514
-0.00168988331073606,0.9895438492214,0.144222448885362
-0.0224167231561858,-0.144223899189027,0.989291138859361
0.999255321711262,-0.0017058747481902,0.038547269982014
-0.0038050480580328,0.989796088854907,0.14244024746119
-0.0383969222855016,-0.142480849516251,0.989052518261861
0.999145993988875,0.0002046004557304,0.0413187709719912
-0.00593941669259169,0.990313879625095,0.138719656686584
-0.0408901702776365,-0.138846598663941,0.989469360826358
0.999124814446562,0.00101478730162888,0.0418159702010467
-0.00649045764963996,0.991358380912257,0.131020740932599
-0.0413216543306364,-0.131177478256603,0.990497344813008
0.999177983901929,0.00108921104505737,0.0405236980663773
-0.0059372114937683,0.992791507073,0.119707029882957
-0.0401011970563704,-0.11984922654327,0.991981883348494
0.999288377496596,0.00117217464365253,0.0377009894674698
-0.00510435361040583,0.994525127633856,0.10437296622729
-0.0373722380175636,-0.10449113125748,0.993823384366705
0.999431481474313,0.00204310100864669,0.0336532253480707
-0.00492504664048093,0.996302116321958,0.0857778347125717
-0.0333535268547218,-0.0858948121288862,0.995745762479407
0.999592310736357,0.00272020100871055,0.0284220481883938
-0.00465558155220944,0.997657266228159,0.0682517743547235
-0.028169804350792,-0.0683562700023164,0.997263196189556
0.999758146333864,0.00315397429697293,0.0217646797635758
-0.00426075668591611,0.998689833055705,0.0509947379994396
-0.0215753283066653,-0.0510751387399203,0.99846173457532
0.999890995102961,0.0031161739574089,0.0144321644904197
-0.00359142617868588,0.999448169117102,0.0330220972452651
-0.0143212977768921,-0.0330703297283208,0.999350415881059
0.999918705963312,0.002355030017776,0.0125313725613138
-0.00253958451284426,0.999888254244704,0.0147319222771855
-0.0124952781144397,-0.0147625491394368,0.99981295009004
0.99993360434915,0.00148607788178925,0.0114270934995414
-0.00144922405637896,0.999993724579581,-0.00323273121225189
-0.0114318258800778,0.00321595615416502,0.999929483005208
0.999916193960431,0.000533679532318126,0.0129352325778358
-0.000321761163378865,0.999865793864966,-0.0163795826728071
-0.0129422380382861,0.0163740479093707,0.999782170790029
0.999828721191922,-0.000386727685376437,0.0185034786303495
0.000844639884893991,0.999693415356393,-0.0247459466688255
-0.0184882358052705,0.0247573369886357,0.999522515705394
0.999727062895101,-0.00112034322860651,0.023335478272043
0.00185458821610348,0.999503073388285,-0.0314669157993098
-0.0232886285058516,0.0315016050134319,0.999232349688447
0.999679398585282,-0.00167136015006683,0.0252647303452457
0.00260809346100041,0.999308549359339,-0.0370893654007744
-0.0251852713439403,0.0371433672757633,0.998992528688153
0.999667851440048,-0.00222569725421521,0.025675534443707
0.00325075965058786,0.999196339558001,-0.039951315067033
-0.0255659805001005,0.0400215102866422,0.998871693139537
0.99966673604709,-0.00267718834410356,0.0256758544848733
0.00376576009250304,0.999091813080405,-0.0424425268644036
-0.025538909371465,0.0425250714082894,0.998768933442484
0.999674240317599,-0.00316213679909543,0.025326155181843
0.00432630049903897,0.998930007172075,-0.0460448031290203
-0.0251534564110582,0.0461393721463787,0.99861827640421
0.999697128571897,-0.00354565342550193,0.0243532229261604
0.00473140136892868,0.998797077232015,-0.0488058639291378
-0.0241508792012038,0.0489063068997204,0.99851134604432
0.999715458796544,-0.00401133776547342,0.0235140513852137
0.00516330813536695,0.998778722438825,-0.0491365836477118
-0.0232882307682322,0.0492440125578797,0.998515240512074
0.999732253492488,-0.00440898380151828,0.0227152413297704
0.00551093518997954,0.998799239744017,-0.0486796495478981
-0.0224733379844563,0.0487917979645379,0.998556112359853
0.999756197433843,-0.0048532848356567,0.0215404577232238
0.00590834993697107,0.998771941590291,-0.0491904471720076
-0.0212752695316488,0.0493057229767881,0.998557113333079
0.999767147161866,-0.00475533178083899,0.0210484744216234
0.00577849670530944,0.998790918054412,-0.0488191661937432
-0.0207908737587028,0.0489294270524368,0.998585825423469
0.999767194412412,-0.00458836907094509,0.0210832598523719
0.00558971174655464,0.998846834479487,-0.0476839215344056
-0.0208401559333003,0.0477906697962868,0.998639945015769
0.999777832411239,-0.00424181683754668,0.0206468595433306
0.00519058327566023,0.998922531778239,-0.0461176034829708
-0.0204289907813321,0.046214526890046,0.998722621071529
0.999797455091257,-0.00355262488198591,0.019809786709947
0.00442403483563134,0.999016442375641,-0.044120015626602
-0.0196335607778828,0.0441987185285544,0.998829813617723
0.99980686523223,-0.00278516643656646,0.0194544360602304
0.0035959470421306,0.999120947908431,-0.0417660222600705
-0.0193210092741337,0.0418279129108678,0.998937998227192
0.999816498143799,-0.00400267125895266,0.018733623842247
0.00472539596745987,0.999239889784625,-0.0386951327192702
-0.0185645003277967,0.0387765558811503,0.999075441616686
0.999844239043116,-0.0057606245046113,0.0166827113386613
0.00634393215871184,0.999362770103885,-0.0351256068282917
-0.0164697351848136,0.0352259696191169,0.999243653413588
0.99987975205585,-0.00625695071371932,0.0141891506616418
0.00670010941881872,0.999484352621026,-0.0314028247058244
-0.0139853481368373,0.0314941174427061,0.999406088936823
0.999881285471385,-0.00707604290637497,0.0136873876571653
0.00747475298288329,0.999542675273721,-0.0293013374182339
-0.013473790555566,0.0294001687654928,0.999476906709017
0.999887862473546,-0.00810881699172473,0.0125900581840473
0.00845641343993571,0.999577581027635,-0.027805549422277
-0.0123592697929876,0.0279088981139803,0.999534062379191
0.999897065642888,-0.00839300215082218,0.0116368223170437
0.00869630559045764,0.99961723457537,-0.0262632558713925
-0.011411940580792,0.0263617498430046,0.999587327729496
0.999928184028092,-0.00863850652298985,0.00830680391816747
0.00883789620346033,0.999666281093783,-0.0242738137675536
-0.00809434228208086,0.0243454851908372,0.999670835312226
0.999963920902474,-0.00845866793333946,0.000779634622007205
0.00847272883519303,0.999758854273434,-0.0202594710680285
-0.000608078478180254,0.0202653457573388,0.999794451875934
0.999912577827509,-0.00826590686624883,-0.0103204402049273
0.00808955317916243,0.999822522565783,-0.0170141852451108
0.0104592462303209,0.0169292100782034,0.999801983401924
0.999820468695706,-0.00857950344979863,-0.0168944516825592
0.00830166572233605,0.999830266240178,-0.016447524322226
0.0170326957154182,0.0163043193863012,0.99972198957811
0.999752620471831,-0.00863475954558623,-0.0204972873155913
0.00833408580957919,0.999857079122411,-0.0147093284183513
0.0206213693392695,0.0145348634802758,0.999681697776939
0.999828733485138,-0.00671171155451917,-0.0172469309012812
0.00645460614341894,0.999867857309715,-0.0149199858717397
0.0173447904870013,0.0148061084316071,0.999739934881104
0.999961742562929,-0.00827063995238173,-0.00284779305594245
0.00824882045854304,0.999937170633177,-0.00759024025701497
0.00291039027522576,0.00756645894025442,0.999967138623841
0.999848640694311,-0.00893244548070183,0.0149300743291056
0.00890568720922172,0.999958617863924,0.00185776613210374
-0.014946050885429,-0.00172452236992637,0.999886814387271
0.999729534662969,-0.0104902263401291,0.020756027411253
0.0102371987346494,0.999872444190532,0.0122594906304426
-0.0208819846909032,-0.0120436912856266,0.999709403884742
0.999625929091477,-0.0119514028921615,0.0246001190426004
0.0113397206959022,0.99962672299427,0.0248560940269282
-0.0248880015778648,-0.0245678376062241,0.999388317288538
0.99956902133612,-0.0133931509676629,0.0261226930523949
0.012355510189456,0.999143706847478,0.0394866361575646
-0.0266291748484721,-0.0391468590596874,0.998878576440926
0.9995541993318,-0.0148512435848182,0.0259006401880055
0.0133589219944648,0.998292330372352,0.0568679375648951
-0.0267009700443623,-0.0564965811684512,0.998045687588983
0.999535208189815,-0.0161452698370221,0.0258591927722493
0.0141210681222851,0.996959350463338,0.0766332105474194
-0.0270178278924933,-0.0762324326360446,0.996723960377377
0.999525419992768,-0.0173231521407723,0.0254724005187784
0.0148332905900593,0.995378144160608,0.0948805755550329
-0.0269983014012412,-0.0944577076118784,0.995162716943394
0.999508358584628,-0.0185868765483405,0.0252501314776656
0.0156498218627772,0.99359527256119,0.111908522551762
-0.0271684411611339,-0.111458343627705,0.993397661282048
0.999497959392833,-0.019426051079583,0.0250291372007953
0.0160221211435498,0.991428126785764,0.129667116309929
-0.0273335106348273,-0.129200998283778,0.991241636150768
0.999492921344791,-0.0204770589096176,0.024384221128998
0.0166574255930039,0.988896987684614,0.147666102816149
-0.0271372503078216,-0.147185046138213,0.988736634215109
0.999485736205151,-0.0203570709445879,0.0247760526517842
0.0159846793220879,0.986099226646941,0.16538683512685
-0.0277984378952664,-0.164905745408893,0.985917512767534
0.999485490706034,-0.0199255752026937,0.0251341465134534
0.0151771059849891,0.984152682910775,0.176672443163735
-0.0282561377763903,-0.176200079944263,0.9839487397754
0.999496210745549,-0.0201451056374845,0.0245254851969085
0.015227924246431,0.982370235039374,0.186324533091672
-0.0278466340593284,-0.185857192563374,0.982182095613653
0.99952623866968,-0.0201341651176325,0.0232790379066331
0.0152273383941006,0.980788853244508,0.194477128518381
-0.0267474555102743,-0.194030514987564,0.98063078315816
0.999543148345902,-0.0214519242710034,0.0212910671370383
0.0167351924623117,0.979416329669901,0.201155627585182
-0.0251679941197569,-0.200707419197722,0.979327883781003
0.999579384579134,-0.0224246841739706,0.018389873955437
0.0181516678648816,0.978314370251885,0.20632864539947
-0.0226179326668512,-0.205908053505333,0.978309921560404
0.999587328200265,-0.0236231285852235,0.0163438397355415
0.0196956567743703,0.977783691512913,0.208689083843902
-0.0209106290120902,-0.208281061086281,0.977845460789736
0.999560615077642,-0.0251866823110759,0.0156271500846159
0.0213497692241054,0.977497938361591,0.209861782735489
-0.0205612290411739,-0.209435936584439,0.977606170360701
0.999531498160985,-0.0267679560428221,0.0148411830170653
0.0230613247292865,0.977464651398167,0.209835722813803
-0.0201236051886058,-0.209395157050851,0.977624011938057
0.999535273235394,-0.0275684344407944,0.0130084196091922
0.0242375677521328,0.977544414379834,0.209330977698594
-0.018487235263986,-0.20891840353897,0.97775831512446
0.999554672608043,-0.0277084835818118,0.0110768409316289
0.0248176289137486,0.978024397980712,0.207008121216453
-0.0165693018117122,-0.20664103390194,0.978276515789585
0.999551952797021,-0.0278995783062208,0.01084007333913
0.0251462904048695,0.979177946678298,0.201440345556063
-0.0162344614489251,-0.201077503140473,0.979440799636332
0.999524314370902,-0.0283956324813593,0.0120346598357654
0.0255262988549733,0.98069349521958,0.19387799385379
-0.0173076008778109,-0.19347856855473,0.980951828818249
0.999458042825118,-0.0292362094588891,0.0151282744773013
0.0258591389573458,0.981683239499865,0.188757310368198
-0.0203697217597414,-0.188263807837639,0.98190723242774
0.999361688518828,-0.030196056773373,0.0190896222104437
0.026123493844126,0.982193617968472,0.186046391771997
-0.0243675725129554,-0.185428948595797,0.982355499008624
0.999221940745999,-0.0312515138697587,0.0240594266899012
0.026322500496072,0.982711465925721,0.183262927799801
-0.0293707184017133,-0.182487034111931,0.982769476164985
0.999087980966024,-0.0318755065918772,0.0284105327078601
0.0262408161044822,0.983247347259707,0.180377586403966
-0.0336842078636851,-0.179467563047645,0.983187046270615
0.998855126171706,-0.0325346039192284,0.0350704500730173
0.0258147644343789,0.983796491923978,0.177420574949106
-0.0402744938851204,-0.176312115369003,0.983510042204148
0.998605052301661,-0.0327083299891423,0.0414501467659379
0.025003048574683,0.98435885933056,0.174391753301042
-0.0465058822039585,-0.173112105893149,0.983803538168912
0.998442041733665,-0.0317762800662945,0.045866734392787
0.023409147524495,0.984709477996283,0.172624609359337
-0.0506507760146524,-0.171281966270345,0.983919197352952
0.998331821233492,-0.0305259904577194,0.0490075363509996
0.0217356558934174,0.985065214591796,0.170804227887082
-0.0534895875428319,-0.169454084954581,0.984085452141583
0.998260853257106,-0.0289848588680763,0.0513336810563195
0.0199263008911891,0.985429632499695,0.168912349827683
-0.055481631079016,-0.167595696090065,0.984293386783076
0.998355646799575,-0.0271797104735387,0.0504704452326051
0.0184923994345013,0.986081096194193,0.165233479935556
-0.0542589501055599,-0.164028458101128,0.984962248650378
0.998493942346628,-0.0251104144154824,0.0487782142454118
0.016937453534654,0.986765991719016,0.161263759892138
-0.0521820827952468,-0.160194708635056,0.985705171722498
0.998622737993579,-0.0229977911912212,0.0471564286447982
0.0153846296120454,0.987657037059629,0.155874598053355
-0.0501591500516818,-0.154934433703163,0.986650587046485
0.99874291432049,-0.021755197458622,0.0451586368057134
0.0147846671003442,0.988679245462377,0.149314310133611
-0.0478957692635369,-0.148458953840719,0.987758034293406
0.998860444438013,-0.0214652577195384,0.0426269310193509
0.015181214985749,0.989661205644344,0.142619173865716
-0.0452475772683043,-0.141809522788904,0.988859300405135
0.999006975063694,-0.0211137656451316,0.0392335656596469
0.0155801748512487,0.990538886118803,0.136345052121906
-0.0417411299043507,-0.135598392272191,0.989884212465026
0.998741107128922,-0.0226737898037299,0.0447448341915658
0.0167079412687849,0.991443281710788,0.129464527377583
-0.0472974167312897,-0.128553951345256,0.990573993179747
0.997985021193473,-0.0240928490287082,0.0586978031883846
0.0167688883287474,0.99236202741086,0.122214610162722
-0.0611939691283419,-0.120984053406588,0.990766449252109
0.997725608146498,-0.0232492291022764,0.0632699312063031
0.0160596753103871,0.993594580413355,0.111856589444403
-0.0654652402243008,-0.110586089176526,0.991708132064579
0.99775974843273,-0.0222290493489455,0.0630979696384779
0.0159994300517469,0.99509994383464,0.0975711023731683
-0.0649576988930134,-0.0963429870065184,0.993226321746049
0.997879981292704,-0.021320411370754,0.0614896982774643
0.016415802682567,0.996724111927076,0.0791932201988822
-0.0629766969406843,-0.0780159263366362,0.994961029829952
0.998105962954539,-0.0208031851082402,0.0578939910866785
0.0175381887092724,0.998257380680497,0.0563437117495117
-0.0589652325645381,-0.0552216389313682,0.996731494406765
0.998369519908744,-0.0206980749172368,0.0531967236952182
0.0190269149040747,0.999315310154686,0.0317314890869788
-0.0538170811770579,-0.0306675819908321,0.99807976694672
0.998655344172157,-0.0209722364132816,0.0474095861215457
0.0206229383477884,0.99975654641174,0.00784489138056711
-0.0475625690043563,-0.00685661772997462,0.99884472708375
0.998872780527572,-0.0217964525925904,0.0421673211799944
0.0224745057468554,0.999624550965938,-0.0156733435355008
-0.0418098662106495,0.0166033659396589,0.998987619206025
0.998889742861612,-0.0229902242319559,0.0411185018650638
0.0246072327292598,0.998925925576598,-0.0392616773501132
-0.0401717027678802,0.0402298993374422,0.99838258673518
0.998732590242944,-0.024100868775592,0.0441855328233254
0.0267728058823532,0.997784041674419,-0.0609116002502606
-0.0426195970394525,0.0620173709868727,0.997164688325891
0.998381785426094,-0.0244821200139901,0.0513267603597406
0.0284805400110924,0.996493326106942,-0.0786759802290366
-0.0492206193589863,0.080010479463279,0.99557805008245
0.99818073632048,-0.0244970346975453,0.0550918590150301
0.0295616997720956,0.995219616951043,-0.093080717350069
-0.0525482972634621,0.0945399879778193,0.994133224033814
0.998049706245207,-0.0243043592801499,0.0574985389713274
0.0302609989540846,0.994000514305519,-0.105105896612246
-0.0545990458355891,0.106640872466164,0.992797395500965
0.997972235721083,-0.0240541173195819,0.058930604696026
0.0307744040515718,0.992781114855963,-0.11592495003502
-0.0557167190808477,0.117503435802223,0.991508239899971
0.997954561537005,-0.0238756013940444,0.0593013386489424
0.0312043935388145,0.991550639727598,-0.125911138028638
-0.0557940761314195,0.127504056852575,0.990267507572967
0.997949404932184,-0.023672478946611,0.0594693108756387
0.0314411063943543,0.990576972421737,-0.133299356849475
-0.0557534037005813,0.134895794776217,0.989289989096975
0.997930755006756,-0.0234224250032342,0.0598798648847391
0.0316447260711538,0.989605236149657,-0.140285736613044
-0.0559715956850292,0.14189033297639,0.988298696692615
0.997924776782631,-0.0232488458884202,0.0600469070660048
0.0319456233443157,0.988440634218793,-0.148204553824411
-0.0559072180713729,0.149815232169517,0.987132098139613
0.997955682951668,-0.0230802256156568,0.0595966278408384
0.0321019413964618,0.987365850321423,-0.155171334265162
-0.0552622857204364,0.156767282315484,0.986088281530802
0.997973254929703,-0.0230326484262979,0.0593201445673015
0.0322790549491602,0.986593042536792,-0.159975720125229
-0.0548401773939881,0.161566288329178,0.985336942075618
0.997985970990778,-0.0229569119247712,0.0591352847331643
0.0324049496742068,0.98590497151725,-0.164138071068787
-0.0545336679694869,0.165723768157884,0.984663247879876
0.998002841981897,-0.0229142127882412,0.058866512113014
0.0325942428898228,0.985050577455469,-0.169153702841783
-0.0541104678088783,0.170734585561749,0.983830147213716
0.998117145840798,-0.0229879212731662,0.0568657951158563
0.0325509135633269,0.984307476650564,-0.173433645628499
-0.0519865483063904,0.174958128949008,0.983202447062582
0.998287265961084,-0.0233328306790795,0.0536480533891581
0.0324912246586123,0.983718166940628,-0.176756579371614
-0.0486503334020245,0.178196933316686,0.982791431594924
0.998438620770692,-0.0236397538691674,0.0506110915761012
0.0323721844381845,0.983249848434142,-0.179364927533054
-0.0455232053816455,0.180723262451856,0.982479893015902
0.998579212669745,-0.0239273669168161,0.0476134134073606
0.0321939480943198,0.98291068904592,-0.181246040137089
-0.042462992475477,0.182521391819433,0.982284498400705
0.998700556316676,-0.0241282868744189,0.0448890252207372
0.031942557570533,0.982694867032173,-0.182456765630853
-0.0397098454871764,0.183653543611673,0.982188629587138
0.998810891169449,-0.0243177541451401,0.0422545916395781
0.0316646881676935,0.982604073560031,-0.182993393723586
-0.0370695455129101,0.184113773131097,0.98220566448117
0.998901855158695,-0.0244204278091377,0.0399840776576816
0.0313492027212926,0.982603173080273,-0.183052538199605
-0.0348182602847432,0.184104988955207,0.982289693416635
0.998993113919281,-0.0237954393195244,0.038033346019631
0.0303626040831648,0.982702154231987,-0.182687132390604
-0.0330283304928834,0.183657978687025,0.982435176614442
0.998973511829952,-0.0240390900720046,0.0383932912192017
0.0306929839119148,0.98255732701011,-0.183409486879308
-0.0333146124203077,0.184399623880468,0.982286574942377
0.998914254565811,-0.0242713561656386,0.0397644727754667
0.0311940184914081,0.98243883995567,-0.183958851260047
-0.034601231706224,0.184999532476271,0.98212928260386
0.998876929644725,-0.0242030833829399,0.0407319306967628
0.0313180908503398,0.982372934439593,-0.184289432323271
-0.0355535737868542,0.185358108631109,0.982027654883344
0.998924350052181,-0.0244935923510467,0.0393726657285116
0.0313338445506389,0.982467516390394,-0.183781852812966
-0.0341808873276391,0.184817864860059,0.982178203672869
0.998965862155911,-0.0239895667015411,0.0386226220830434
0.0306134352659945,0.98295705149871,-0.181268454205848
-0.0336158270508409,0.182263368778356,0.982674941459918
0.998997213356555,-0.0236122052806824,0.0380398668191805
0.0300533213812027,0.983422070609647,-0.178823457386864
-0.0331868284082138,0.179787359955077,0.98314553328619
0.999023279728885,-0.0238219735627513,0.037215589949882
0.0300938543311617,0.983517898130048,-0.178288821829487
-0.0323550072050216,0.179234644065893,0.983274171264218
0.999076946900053,-0.0238193731843858,0.0357476101854692
0.0297485289561233,0.983982322822847,-0.175766360254464
-0.0309883719775013,0.176667557387479,0.983782646202364
0.998673302557341,-0.0224981514823758,0.0463191962267283
0.0302855685288759,0.984106554079982,-0.174977354408236
-0.0416463575609782,0.176148015591146,0.983482311739873
0.997904637453138,-0.0196550652977861,0.0616442451301202
0.0299295761305956,0.984908417975049,-0.170468849572377
-0.0573633595787892,0.171956641657211,0.983432945537116
0.997855889610217,-0.0193488357980616,0.0625239643933633
0.0293404405773899,0.986177159934239,-0.163075895738036
-0.0585043769040194,0.164560723677607,0.984630390606432
0.997929997851446,-0.0192629891013257,0.0613567978230218
0.0285402633942488,0.987639907459018,-0.15411965014147
-0.0576296169829357,0.155551761305439,0.986145261511293
0.998097874862763,-0.0195096400482353,0.0584808185615105
0.0276250852106536,0.989574066199089,-0.141350706306353
-0.0551134000179643,0.142697377170672,0.988230727961376
0.998349137212472,-0.0202244006779127,0.0537584769532354
0.0267805475264598,0.991898095922171,-0.124181196564356
-0.0508114406536099,0.125415871895033,0.990802228790142
0.998658084926952,-0.0210501042462211,0.047317253948815
0.0258739111201973,0.994265403822663,-0.103763420744988
-0.0448616777815715,0.104848461469782,0.993475832617
0.998978279615973,-0.0216738463022386,0.0396565409734374
0.0249501159056418,0.996146657140638,-0.0840793029456522
-0.037681408835207,0.084982832701662,0.995669638772919
0.999278273050284,-0.0221143186158554,0.0308851084148737
0.0240651661159175,0.997640957678254,-0.0642914251096495
-0.0293904880778691,0.0649882795200243,0.997453118063988
0.999555938754793,-0.0220282361559142,0.02006694077044
0.0228873848180957,0.99878506247707,-0.0436413403651181
-0.0190812189394041,0.0440812407327081,0.998845709456296
0.999695376063386,-0.0199473444477401,0.0145347351874251
0.0202694818338327,0.999544402229385,-0.0223637223665789
-0.0140820163212975,0.0226515213922753,0.999644239414674
0.999713431878224,-0.0188065444778867,0.014811077174373
0.0188405139130212,0.99982017433274,-0.0021573207324893
-0.0147678420142287,0.00243575081870948,0.999887982706159
0.99969326629279,-0.0174501810875266,0.0175745414980488
0.0171662672891943,0.999721754409195,0.016178165172735
-0.0178519633712947,-0.0158715135073151,0.99971466052208
0.999652751820567,-0.016236792927897,0.020754332872542
0.0156805173836635,0.999520759945008,0.0266902943695583
-0.021177751347778,-0.0263555875360357,0.999428279494573
0.999649908245805,-0.015820910255797,0.0212075397637558
0.0150609447080068,0.999255198359736,0.0355276863241572
-0.0217538246902844,-0.0351958427903547,0.999143645209047
0.999670338397357,-0.0148679000130717,0.0209322735916463
0.0139362327974564,0.998935552793179,0.0439720681933584
-0.0215637646047561,-0.043665855253133,0.998813444613699
0.999704747282878,-0.014240376186138,0.0196883200439822
0.0132273881647804,0.998628482690971,0.050657573576583
-0.0203827000766637,-0.0503821917388076,0.998521997901488
0.999751779849696,-0.0139075615028852,0.0174057008019934
0.0129069478464386,0.998328428146321,0.0563361362908872
-0.0181601042027397,-0.0560974980541875,0.998260127084823
0.999789612906013,-0.0137369687583039,0.0152323870282674
0.0128000837602729,0.998117208765348,0.0599849599666607
-0.0160277191445179,-0.0597773640754196,0.998083052137055
0.999819897550429,-0.0140361289665591,0.0127733921056205
0.0132033455834985,0.997920037289302,0.063097312477792
-0.0136324659417333,-0.0629172969870094,0.99792563330751
0.999841702141503,-0.0147029502898442,0.0100196762200899
0.0140152149714847,0.997750287700016,0.065558654225343
-0.0109610404654,-0.065407848514604,0.997798410975186
0.999854753154847,-0.015533274520452,0.00701355661077448
0.0150151321387357,0.997524046543128,0.0687046022845596
-0.0080633988191436,-0.068589313678557,0.997612393491875
0.999860267206541,-0.016394645203065,0.00326522132943348
0.0161219221556995,0.997351895353479,0.0709174200096753
-0.00441924062143447,-0.0708548688763781,0.997476845780814
0.999850874491117,-0.0172661159056614,-0.000331693955784325
0.0172465259138891,0.997361883061211,0.0705112158489542
-0.000886635917156088,-0.0705064213964127,0.997510931478258
0.999824732343452,-0.0184221627584701,-0.00333594269196508
0.0186090621119071,0.997424173895035,0.069272795072248
0.00205119517813933,-0.0693227325565497,0.997592176868501
0.999778595782639,-0.0201001495358142,-0.00622441993550762
0.0204869473078939,0.99733532242581,0.0700181378773262
0.00480045882173964,-0.0701301549295493,0.997526298883723
0.999769911560078,-0.0197393898915198,-0.008395262108094
0.0202811213204471,0.997321859114079,0.0702693777631607
0.00698570376829279,-0.0704234749209881,0.997492723844598
0.999763073774631,-0.0194022649633504,-0.00986653084897935
0.0200469314760723,0.997339241530812,0.0700896414681794
0.00848038059850955,-0.0702708290618249,0.997491901585105
0.999761789771576,-0.0191011360149279,-0.0105598444909917
0.0197897933412463,0.997385856620569,0.069496885489673
0.00920477008107568,-0.0696893077608982,0.997526276642155
0.999767882572222,-0.0187997120996868,-0.0105238682063799
0.0194791346176212,0.997447897273949,0.0686895591653214
0.00920566627707939,-0.0688786109670229,0.997582574356453
0.999783821057956,-0.0184288243774949,-0.0096275429272553
0.0190363218342555,0.997546514518276,0.0673689084330503
0.00836239210844238,-0.067537617699335,0.997681683000005
0.999814995502235,-0.0180302261309826,-0.00669968018134639
0.0184395352261964,0.997575147764521,0.0671104172482687
0.00547341844815076,-0.0672215405079391,0.997723060865204
0.999843901630187,-0.0172088865723912,-0.00400332310268595
0.0174373180387561,0.997629282173545,0.06657142997948
0.00284821216576263,-0.0666308455059375,0.997773630697175
0.999889309854495,-0.0143596430099291,-0.00389470041582378
0.0145856544774389,0.997708809606968,0.0660635293949079
0.00293712821756048,-0.0661130235677849,0.997807817865023
0.999863380378895,-0.0136866716674117,-0.00926798769736116
0.0142655811574537,0.997745142356637,0.0655829558496265
0.008349477320771,-0.0657062091617103,0.997804079118776
0.999751074845871,-0.0123226498038426,-0.0185994797329847
0.0134817066345051,0.997888538568972,0.0635350940732943
